"RouteID","StationId","EstimateTime","Memo"
"211","1479","106",""
"211","1480","109",""
"211","50575","109",""
"211","50574","110",""
"211","1483","119",""
"211","1484","122",""
"211","1485","122",""
"211","1486","125",""
"211","1487","127",""
"211","1488","130",""
"211","1489","130",""
"211","1490","132",""
"211","1491","133",""
"211","1492","135",""
"211","1493","136",""
"211","1494","137",""
"211","1495","138",""
"211","1496","139",""
"211","1497","140",""
"211","1498","140",""
"211","1499","141",""
"211","1500","142",""
"211","1501","143",""
"211","1502","143",""
"211","39067","144",""
"211","1503","146",""
"211","1504","146",""
"211","1505","147",""
"211","1506","149",""
"211","1507","150",""
"211","1508","152",""
"211","1509","153",""
"211","1510","154",""
"211","1511","155",""
"211","1512","155",""
"211","1513","156",""
"211","1514","158",""
"211","1515","159",""
"211","1516","160",""
"211","1517","161",""
"211","1518","161",""
"211","1519","162",""
"211","1520","163",""
"211","1521","165",""
"211","1522","166",""
"211","1523","167",""
"211","1524","168",""
"211","1525","169",""
"211","1526","169",""
"211","1527","170",""
"211","1528","170",""
"211","1529","171",""
"211","1530","172",""
"211","1531","173",""
"211","1532","174",""
"211","1533","176",""
"211","1534","176",""
"211","1535","177",""
"211","1537","180",""
"211","1538","180",""
"211","1422","32",""
"211","1423","34",""
"211","1424","34",""
"211","1425","35",""
"211","1426","36",""
"211","1427","36",""
"211","1428","37",""
"211","1429","39",""
"211","1430","39",""
"211","1431","40",""
"211","1432","41",""
"211","1433","42",""
"211","1434","43",""
"211","1435","45",""
"211","1436","45",""
"211","1437","46",""
"211","1438","48",""
"211","1439","50",""
"211","1440","51",""
"211","1442","52",""
"211","1443","54",""
"211","1444","54",""
"211","1445","56",""
"211","1446","57",""
"211","1447","57",""
"211","1448","59",""
"211","1449","60",""
"211","1450","61",""
"211","1451","61",""
"211","1452","64",""
"211","1453","66",""
"211","1454","67",""
"211","1455","68",""
"211","1456","70",""
"211","1457","71",""
"211","1458","71",""
"211","1459","72",""
"211","1460","73",""
"211","1461","74",""
"211","1462","74",""
"211","1463","75",""
"211","1464","76",""
"211","1465","77",""
"211","1466","79",""
"211","1467","80",""
"211","1468","83",""
"211","1469","84",""
"211","1470","85",""
"211","1471","88",""
"211","1472","91",""
"211","1473","92",""
"211","1474","93",""
"211","1475","94",""
"211","1476","97",""
"211","1477","98",""
"211","1478","103",""
"5312","7451","37",""
"5312","7452","39",""
"5312","7453","41",""
"5312","7454","41",""
"5312","7455","42",""
"5312","7456","43",""
"5312","7457","44",""
"5312","7458","45",""
"5312","7459","46",""
"5312","7460","48",""
"5312","7461","49",""
"5312","7462","50",""
"5312","7463","51",""
"5312","7464","54",""
"5312","7465","55",""
"5312","7466","57",""
"5312","7467","58",""
"5312","7468","58",""
"5312","7469","60",""
"5312","7470","62",""
"5312","7471","64",""
"5312","7472","65",""
"5312","7473","68",""
"5312","7474","69",""
"5312","7475","72",""
"5312","7476","74",""
"5312","7477","77",""
"5312","7478","77",""
"5312","7479","79",""
"5312","7480","81",""
"5312","7481","82",""
"5312","7482","83",""
"5312","7483","85",""
"5312","7484","85",""
"5312","7485","86",""
"5312","7486","87",""
"5312","7487","89",""
"5230","2205","65",""
"5230","2206","66",""
"5230","2207","70",""
"5230","2208","71",""
"5230","2209","71",""
"5230","2210","72",""
"5230","2211","72",""
"5230","2212","73",""
"5230","2213","74",""
"5230","2214","75",""
"5230","2215","76",""
"5230","2216","76",""
"5230","2217","77",""
"5230","2218","77",""
"5230","2219","78",""
"5230","2220","79",""
"5230","2221","80",""
"5230","40511","81",""
"5230","2222","82",""
"5230","2223","83",""
"5230","42389","83",""
"5230","2224","83",""
"5230","2225","85",""
"5230","2226","86",""
"5230","2227","87",""
"5230","3486","87",""
"5230","2181","37",""
"5230","2182","38",""
"5230","3485","38",""
"5230","2183","38",""
"5230","2184","39",""
"5230","42388","42",""
"5230","2185","42",""
"5230","2186","43",""
"5230","40510","43",""
"5230","2187","44",""
"5230","2188","45",""
"5230","2189","46",""
"5230","2190","47",""
"5230","2191","47",""
"5230","2192","48",""
"5230","2193","48",""
"5230","2194","49",""
"5230","2195","51",""
"5230","2196","52",""
"5230","2197","53",""
"5230","2198","53",""
"5230","2199","53",""
"5230","2200","54",""
"5230","2201","54",""
"5230","2202","56",""
"5230","2203","57",""
"5230","2204","58",""
"226","10661","37",""
"226","10662","37",""
"226","10663","39",""
"226","10664","39",""
"226","10665","40",""
"226","10666","41",""
"226","10667","42",""
"226","10668","43",""
"226","10669","47",""
"226","10670","48",""
"226","10671","50",""
"226","10672","51",""
"226","10673","52",""
"226","10674","54",""
"226","10675","56",""
"226","10676","57",""
"226","10677","58",""
"226","41368","64",""
"226","41370","68",""
"226","10678","71",""
"226","10679","72",""
"226","10680","73",""
"226","10681","73",""
"226","10682","74",""
"226","10683","74",""
"226","10684","75",""
"226","10685","75",""
"226","10686","76",""
"226","10687","76",""
"226","10688","77",""
"226","10689","77",""
"226","10690","78",""
"226","10691","79",""
"226","10692","79",""
"226","10693","79",""
"226","10694","80",""
"226","10695","81",""
"226","10696","82",""
"226","10697","83",""
"226","10698","84",""
"226","10699","84",""
"226","10700","87",""
"226","10701","87",""
"226","10702","87",""
"226","10703","88",""
"226","10704","89",""
"226","10705","89",""
"226","10706","89",""
"226","10707","90",""
"226","10708","90",""
"226","10709","91",""
"226","10710","92",""
"226","10711","92",""
"226","10712","93",""
"226","10713","93",""
"226","10714","93",""
"226","10715","94",""
"226","10716","95",""
"226","41371","98",""
"226","41369","102",""
"226","10717","107",""
"226","10718","108",""
"226","10719","110",""
"226","10720","111",""
"226","10721","112",""
"226","10722","114",""
"226","10723","115",""
"226","10724","115",""
"226","10725","117",""
"226","10726","118",""
"226","10727","119",""
"226","10728","120",""
"226","10729","121",""
"226","10730","122",""
"226","10731","123",""
"226","10732","123",""
"190","14871","27",""
"190","14872","29",""
"190","14873","29",""
"190","14874","32",""
"190","14875","33",""
"190","14876","34",""
"190","14877","35",""
"190","14878","35",""
"190","14879","36",""
"190","14880","37",""
"190","14881","38",""
"190","14882","39",""
"190","14883","39",""
"190","4553","40",""
"190","14884","40",""
"190","14885","41",""
"190","14886","41",""
"190","14887","42",""
"190","14888","43",""
"190","14889","43",""
"190","14890","44",""
"190","14891","44",""
"190","14892","45",""
"190","14893","46",""
"190","14894","46",""
"190","14895","47",""
"190","14896","48",""
"190","14897","48",""
"190","14898","49",""
"190","14899","50",""
"190","14900","51",""
"190","1549","53",""
"190","14901","53",""
"190","14902","55",""
"190","14903","57",""
"190","14904","57",""
"190","14905","57",""
"190","14906","58",""
"190","14907","58",""
"190","14908","59",""
"190","1550","59",""
"190","14909","60",""
"190","14910","60",""
"190","14911","61",""
"190","14912","61",""
"190","14913","61",""
"190","14914","62",""
"190","14915","62",""
"190","14916","63",""
"190","14917","64",""
"190","14918","64",""
"190","14919","65",""
"190","14920","65",""
"190","14921","68",""
"190","14922","69",""
"190","14923","69",""
"190","14924","71",""
"190","14925","72",""
"190","0015","72",""
"190","14926","73",""
"190","14927","73",""
"190","14928","73",""
"190","14929","76",""
"190","14930","76",""
"5239","15791","47",""
"5239","15792","49",""
"5239","15793","52",""
"5239","0047","54",""
"5239","15794","55",""
"5239","15795","55",""
"5239","15796","56",""
"5239","15797","57",""
"5239","15798","58",""
"5239","0048","59",""
"5239","15799","60",""
"5239","15800","60",""
"5239","15801","63",""
"5239","15802","64",""
"5239","15803","65",""
"5239","15804","66",""
"5239","15805","67",""
"5239","15806","69",""
"5239","15807","70",""
"5239","15808","71",""
"5239","15809","71",""
"5239","15810","72",""
"5239","15811","73",""
"5239","15812","74",""
"5239","15813","75",""
"5239","1936","75",""
"5239","15814","76",""
"5239","15815","76",""
"5239","15816","77",""
"5239","15817","77",""
"5239","15818","77",""
"5239","15819","80",""
"5239","15820","80",""
"5239","15821","81",""
"5239","15822","81",""
"5239","15823","82",""
"5239","15824","83",""
"5239","15825","84",""
"5239","15826","84",""
"1075","32022","7",""
"1075","32023","8",""
"1075","32024","11",""
"1075","32025","12",""
"1075","32026","14",""
"1075","32027","15",""
"1075","32028","16",""
"1075","32029","17",""
"1075","32030","18",""
"1075","32031","20",""
"1075","32032","21",""
"1075","32033","22",""
"1075","32034","22",""
"1075","32035","22",""
"1075","32036","24",""
"1075","32037","24",""
"1075","32038","27",""
"1075","32039","31",""
"1075","32040","34",""
"1075","32041","35",""
"1075","41054","35",""
"1075","41053","36",""
"1075","32042","40",""
"1075","41055","41",""
"1075","32043","41",""
"1075","32044","43",""
"1075","32045","45",""
"1075","32046","48",""
"1075","32047","48",""
"1075","32048","51",""
"1075","32049","52",""
"1075","32050","52",""
"1075","32051","53",""
"1075","32052","54",""
"1075","32053","55",""
"1075","32054","56",""
"1075","32055","56",""
"1075","32056","57",""
"1075","41684","57",""
"1075","41685","58",""
"1075","41686","59",""
"1075","32059","64",""
"1075","32060","66",""
"1075","32061","66",""
"1075","32062","67",""
"1075","32063","67",""
"1075","32064","67",""
"1075","32065","68",""
"1075","32066","70",""
"1075","32067","72",""
"1075","32068","73",""
"1075","32069","73",""
"1075","32070","74",""
"1075","32071","75",""
"1075","32072","77",""
"1075","32073","80",""
"1075","32074","80",""
"1075","32075","82",""
"9014","27821","42",""
"9014","27822","43",""
"9014","27823","43",""
"9014","27824","45",""
"9014","27825","46",""
"9014","27826","48",""
"9014","27827","49",""
"9014","27828","50",""
"9014","27829","54",""
"9014","27830","56",""
"9014","27831","58",""
"9014","27832","60",""
"9014","27833","60",""
"9014","27834","61",""
"9014","27835","63",""
"9014","27836","63",""
"9014","27837","64",""
"9014","27838","65",""
"9014","27839","66",""
"9014","27840","66",""
"9014","27841","67",""
"9014","27842","68",""
"6014","27231","37",""
"6014","27232","40",""
"6014","27233","42",""
"6014","27234","44",""
"6014","27235","45",""
"6014","27236","48",""
"6014","27237","51",""
"6014","27238","52",""
"6014","27239","53",""
"803","11921","37",""
"803","11922","37",""
"803","11923","38",""
"803","11924","40",""
"803","11925","41",""
"803","11926","42",""
"803","11927","44",""
"803","11928","45",""
"803","11929","46",""
"803","11930","46",""
"803","11931","47",""
"803","11932","47",""
"803","11933","48",""
"803","11934","48",""
"803","11935","49",""
"803","11936","50",""
"803","11937","53",""
"803","11938","54",""
"803","11939","55",""
"803","11940","56",""
"803","11941","57",""
"803","11942","59",""
"803","11943","60",""
"803","11944","62",""
"803","11945","63",""
"803","11946","63",""
"803","11947","64",""
"803","11948","65",""
"803","11949","67",""
"803","11950","67",""
"803","11951","68",""
"803","11952","69",""
"803","11953","71",""
"803","11954","71",""
"803","11955","71",""
"803","11956","72",""
"803","11957","73",""
"803","11958","73",""
"803","11959","74",""
"803","1153","75",""
"803","11960","75",""
"803","11961","76",""
"803","11962","77",""
"803","11963","78",""
"803","11964","79",""
"803","11965","80",""
"803","11966","81",""
"803","11967","82",""
"803","11968","84",""
"803","11969","84",""
"803","11970","86",""
"803","11971","87",""
"803","11972","88",""
"803","11973","88",""
"803","11974","90",""
"803","11975","90",""
"803","11976","90",""
"803","11977","91",""
"803","11978","93",""
"803","11979","96",""
"803","11980","96",""
"803","11981","97",""
"803","11982","97",""
"803","11983","98",""
"803","11984","99",""
"803","11985","100",""
"803","11986","100",""
"803","11987","101",""
"803","11988","103",""
"803","11989","105",""
"803","11990","106",""
"803","11991","107",""
"803","11992","107",""
"803","11993","108",""
"5663","21555","46",""
"5663","21556","47",""
"5663","21557","47",""
"5663","21558","48",""
"5663","21559","48",""
"5663","21560","49",""
"5663","21561","49",""
"5663","21562","50",""
"5663","21563","51",""
"5663","21564","52",""
"5663","21565","54",""
"5663","21566","57",""
"5663","21567","58",""
"5663","21568","58",""
"5663","21569","59",""
"5663","21570","66",""
"5663","21571","66",""
"5663","21572","67",""
"5663","21573","69",""
"5663","21574","70",""
"5663","21578","71",""
"5663","21579","71",""
"5663","21580","72",""
"5663","21581","72",""
"5663","21582","74",""
"5663","21583","75",""
"5663","21584","75",""
"5663","21585","76",""
"5663","21586","77",""
"5663","21587","77",""
"5663","21588","79",""
"5663","21589","79",""
"5663","21590","80",""
"5663","21591","82",""
"5663","21592","83",""
"5663","21593","84",""
"5663","21594","85",""
"5663","21595","87",""
"5663","40541","87",""
"5663","21596","89",""
"5663","21597","89",""
"5663","21598","91",""
"5663","21599","92",""
"5663","21600","92",""
"5663","21601","93",""
"5663","21602","93",""
"5663","21603","94",""
"5663","21604","95",""
"5663","21605","99",""
"5663","21606","104",""
"5663","21607","105",""
"5663","21608","107",""
"5663","21609","111",""
"5663","21610","113",""
"5663","21611","114",""
"5663","21612","116",""
"5663","21613","117",""
"5663","21614","118",""
"5663","21615","120",""
"5663","21616","121",""
"5663","21617","122",""
"5663","21494","52",""
"5663","21495","52",""
"5663","21496","54",""
"5663","21497","55",""
"5663","21498","56",""
"5663","21499","58",""
"5663","21500","59",""
"5663","21501","67",""
"5663","21502","1",""
"5663","21503","5",""
"5663","21504","6",""
"5663","21505","7",""
"5663","21506","8",""
"5663","21507","8",""
"5663","21508","9",""
"5663","21509","10",""
"5663","21510","10",""
"5663","21511","11",""
"5663","40540","11",""
"5663","21512","12",""
"5663","21513","12",""
"5663","21514","13",""
"5663","21515","14",""
"5663","21516","14",""
"5663","21517","16",""
"5663","21518","17",""
"5663","21519","17",""
"5663","21520","18",""
"5663","21521","19",""
"5663","21522","20",""
"5663","21523","20",""
"5663","21524","21",""
"5663","21525","22",""
"5663","21526","23",""
"5663","21527","23",""
"5663","21528","25",""
"5663","21529","25",""
"5663","39619","25",""
"5663","21530","26",""
"5663","21531","27",""
"5663","21535","28",""
"5663","21536","28",""
"5663","21537","29",""
"5663","21538","29",""
"5663","21539","30",""
"5663","21540","30",""
"5663","21541","31",""
"5663","21542","31",""
"5663","21543","32",""
"5663","21544","32",""
"5663","21545","33",""
"5663","21546","34",""
"5663","21547","34",""
"5663","21548","35",""
"5663","21549","35",""
"5663","21550","36",""
"5663","21551","36",""
"5663","21552","36",""
"5663","21553","37",""
"5663","21554","38",""
"127","12451","17",""
"127","12452","18",""
"127","12453","19",""
"127","12454","20",""
"127","12455","22",""
"127","12456","22",""
"127","12457","22",""
"127","12458","24",""
"127","12459","25",""
"127","12460","25",""
"127","12461","27",""
"127","12462","27",""
"127","12463","29",""
"127","12464","30",""
"127","12465","30",""
"127","12466","31",""
"127","12467","32",""
"127","12468","33",""
"127","12469","34",""
"127","12470","35",""
"127","12471","35",""
"127","12472","36",""
"127","12473","36",""
"127","12474","38",""
"127","12475","39",""
"127","12476","39",""
"127","12477","40",""
"127","12478","40",""
"127","12479","41",""
"127","12480","41",""
"127","12481","42",""
"127","12482","43",""
"127","12483","43",""
"127","12484","44",""
"127","12485","44",""
"127","12486","45",""
"127","12487","45",""
"127","12488","46",""
"127","12489","46",""
"127","12490","1",""
"127","12491","1",""
"127","12492","2",""
"127","12493","2",""
"127","12494","3",""
"127","12495","4",""
"127","12496","4",""
"127","12497","5",""
"127","12498","5",""
"127","12499","6",""
"127","12500","6",""
"127","12501","7",""
"127","12502","8",""
"127","12503","9",""
"127","12504","10",""
"127","12505","11",""
"127","12506","13",""
"127","12507","13",""
"127","12508","14",""
"127","12509","14",""
"127","12510","15",""
"127","12511","15",""
"127","12512","16",""
"127","12513","16",""
"127","12514","17",""
"127","12515","18",""
"127","12516","18",""
"127","12517","18",""
"127","12518","19",""
"127","12519","20",""
"127","12520","21",""
"127","12521","21",""
"127","12522","22",""
"127","12523","22",""
"127","12524","22",""
"127","12525","23",""
"127","12526","24",""
"127","12527","24",""
"127","12528","24",""
"127","12529","26",""
"127","12530","27",""
"127","12531","27",""
"127","12532","28",""
"127","12533","29",""
"127","12534","29",""
"127","12535","30",""
"127","12536","31",""
"127","12537","32",""
"128","19482","56",""
"128","19483","57",""
"128","19484","59",""
"128","19485","60",""
"128","19486","61",""
"128","19487","61",""
"128","19488","62",""
"128","19489","63",""
"128","19490","64",""
"128","19491","65",""
"128","19492","67",""
"128","19493","67",""
"128","19494","69",""
"128","19495","69",""
"128","19496","70",""
"128","19497","70",""
"128","19498","72",""
"128","19499","72",""
"128","19500","73",""
"128","19501","73",""
"128","19502","74",""
"128","19503","74",""
"128","19504","75",""
"128","19505","76",""
"128","19506","77",""
"128","19507","77",""
"128","19508","78",""
"128","19509","79",""
"128","19510","79",""
"128","19511","80",""
"128","19512","80",""
"128","19513","81",""
"128","19514","82",""
"128","19515","82",""
"128","19516","82",""
"128","19517","83",""
"128","19518","83",""
"128","19519","84",""
"128","19520","85",""
"128","19521","85",""
"128","19522","86",""
"128","19523","86",""
"128","19524","87",""
"128","19525","88",""
"128","19526","88",""
"128","19527","89",""
"128","19528","90",""
"128","19529","90",""
"128","19530","91",""
"128","19531","92",""
"128","19532","92",""
"128","19533","93",""
"128","19534","94",""
"128","19535","95",""
"128","19536","96",""
"128","19537","98",""
"128","19538","99",""
"128","19539","99",""
"128","19540","99",""
"128","19541","100",""
"128","19542","100",""
"128","19543","101",""
"128","19544","101",""
"128","19545","102",""
"128","19546","102",""
"128","19547","103",""
"128","19548","103",""
"128","19549","104",""
"128","19550","105",""
"482","32406","17",""
"482","32407","17",""
"482","32408","18",""
"482","32409","19",""
"482","32410","19",""
"482","32411","20",""
"482","32412","20",""
"482","32413","21",""
"482","32414","21",""
"482","32415","22",""
"482","32416","23",""
"482","32417","23",""
"482","32418","24",""
"482","32419","24",""
"482","32420","25",""
"482","32421","26",""
"482","32422","27",""
"482","32423","27",""
"482","32424","28",""
"482","32425","29",""
"482","32426","30",""
"482","32427","31",""
"482","32428","31",""
"482","32429","32",""
"482","32430","34",""
"482","32431","35",""
"482","32432","36",""
"482","32433","38",""
"482","32434","38",""
"482","32435","39",""
"482","32436","41",""
"482","32437","43",""
"482","32438","46",""
"482","32439","49",""
"482","32440","52",""
"482","32441","54",""
"482","32442","57",""
"482","32443","59",""
"482","32444","60",""
"482","32445","62",""
"482","32446","63",""
"482","32447","64",""
"482","32448","66",""
"482","32449","67",""
"482","32450","68",""
"482","32451","72",""
"482","32452","72",""
"482","32453","73",""
"482","32454","74",""
"482","32455","76",""
"482","1160","77",""
"482","32456","78",""
"482","32457","82",""
"482","32458","85",""
"482","32459","88",""
"482","32460","90",""
"482","32461","94",""
"482","32462","95",""
"482","32463","98",""
"482","32464","100",""
"482","32465","100",""
"482","32466","101",""
"482","32467","101",""
"482","32468","102",""
"482","32469","103",""
"482","32470","104",""
"482","32471","106",""
"482","32472","107",""
"482","32473","108",""
"482","32474","109",""
"482","32475","110",""
"482","32476","111",""
"482","32477","113",""
"482","32478","113",""
"482","32479","114",""
"482","32480","114",""
"482","32481","115",""
"482","32482","116",""
"482","32483","117",""
"482","32484","118",""
"482","32485","118",""
"482","32486","118",""
"482","32487","119",""
"482","32488","123",""
"482","32489","123",""
"482","32490","124",""
"482","32491","125",""
"482","32492","125",""
"482","32493","126",""
"482","32494","127",""
"482","32495","127",""
"157","33087","7",""
"157","33088","7",""
"157","33089","8",""
"157","33090","8",""
"157","33091","9",""
"157","33092","10",""
"157","33093","11",""
"157","33094","12",""
"157","33095","13",""
"157","33096","14",""
"157","33097","15",""
"157","33098","16",""
"157","33099","17",""
"157","33100","19",""
"157","33101","20",""
"157","39649","20",""
"157","33102","21",""
"157","33103","21",""
"157","33104","23",""
"157","33105","24",""
"157","33106","25",""
"157","33107","25",""
"157","33108","27",""
"157","33109","28",""
"157","33110","32",""
"157","33111","2",""
"157","33112","4",""
"157","33113","7",""
"157","33114","8",""
"157","33115","10",""
"157","33116","10",""
"157","33117","11",""
"157","33118","13",""
"157","33119","17",""
"157","33120","18",""
"157","33121","19",""
"157","33122","21",""
"157","33123","23",""
"157","33124","24",""
"157","33125","26",""
"157","33126","27",""
"157","33127","29",""
"157","33128","31",""
"157","33129","33",""
"157","33130","35",""
"157","33131","36",""
"157","33132","38",""
"157","33133","42",""
"157","33134","43",""
"157","33135","46",""
"157","33136","48",""
"157","2249","48",""
"157","33137","49",""
"157","33138","50",""
"157","33139","51",""
"157","33140","53",""
"157","33141","54",""
"157","33142","55",""
"157","33143","58",""
"157","33144","58",""
"157","33145","60",""
"157","33146","61",""
"157","33147","62",""
"157","33148","62",""
"157","33149","1",""
"157","33150","2",""
"157","33151","3",""
"157","33152","5",""
"157","33153","6",""
"157","33154","7",""
"157","33155","8",""
"157","33156","8",""
"157","33157","10",""
"157","33158","12",""
"157","33159","1",""
"157","33160","3",""
"157","33161","3",""
"157","33162","4",""
"157","33163","5",""
"157","33164","5",""
"157","33165","6",""
"5410","33455","37",""
"5410","33456","37",""
"5410","33457","38",""
"5410","33458","39",""
"5410","33459","40",""
"5410","33460","41",""
"5410","33461","43",""
"5410","33462","45",""
"5410","33463","47",""
"5410","33464","48",""
"5410","33465","49",""
"5410","33466","51",""
"5410","33467","51",""
"5410","33468","52",""
"5410","33469","52",""
"5410","33470","53",""
"5410","33471","53",""
"5410","33472","54",""
"5410","33473","55",""
"5410","33474","56",""
"5410","38976","56",""
"5410","33475","57",""
"5410","1372","57",""
"5410","1373","57",""
"5410","1374","58",""
"5410","1375","58",""
"5410","1376","59",""
"5410","1377","60",""
"5410","1378","60",""
"5410","1379","61",""
"5410","1380","62",""
"5410","1381","62",""
"5410","1382","63",""
"5410","1383","64",""
"5410","38981","64",""
"5410","1384","64",""
"5410","38978","64",""
"5410","33476","65",""
"5410","33477","65",""
"5410","33478","66",""
"5410","33479","67",""
"5410","33480","68",""
"5410","33481","69",""
"5410","33482","69",""
"5410","33483","70",""
"5410","55858","70",""
"5410","33484","71",""
"5410","33485","71",""
"5410","33486","72",""
"5410","33487","73",""
"5410","33488","75",""
"5410","33489","76",""
"5410","33491","76",""
"5410","33492","77",""
"5410","33493","78",""
"5410","33494","79",""
"5410","33495","80",""
"5410","33496","81",""
"5410","33497","82",""
"5410","33498","85",""
"5410","33499","86",""
"5410","33500","87",""
"5410","33501","88",""
"5410","33502","90",""
"5410","33503","91",""
"5410","33504","94",""
"5410","33505","94",""
"5410","33506","98",""
"5410","33507","100",""
"5410","33508","100",""
"5410","33509","102",""
"5410","33510","103",""
"5410","33511","104",""
"5410","33512","105",""
"5410","33515","107",""
"5410","33516","108",""
"5410","33517","110",""
"5410","33518","111",""
"5410","33519","112",""
"5410","55859","112",""
"5410","33520","113",""
"5410","33521","114",""
"5410","33522","114",""
"5410","33523","115",""
"5410","33524","116",""
"5410","33525","117",""
"5410","33526","117",""
"5410","33527","118",""
"5410","38979","119",""
"5410","1385","119",""
"5410","1386","119",""
"5410","1387","119",""
"5410","1388","120",""
"5410","1389","121",""
"5410","1390","122",""
"5410","1391","122",""
"5410","1394","123",""
"5410","1395","124",""
"5410","1396","124",""
"5410","1397","125",""
"5410","1398","125",""
"5410","1399","126",""
"5410","38982","127",""
"5410","33528","127",""
"5410","38977","127",""
"5410","33529","128",""
"5410","33530","128",""
"5410","33531","129",""
"5410","33532","129",""
"5410","33533","130",""
"5410","33534","131",""
"5410","33535","131",""
"5410","33536","132",""
"5410","33537","132",""
"5410","33538","134",""
"5410","33539","134",""
"5410","33540","136",""
"5410","33541","136",""
"5410","33542","138",""
"5410","33543","139",""
"5410","33544","141",""
"5410","33545","141",""
"5410","33546","142",""
"5410","33547","144",""
"5215","33601","103",""
"5215","33602","104",""
"5215","33603","105",""
"5215","33604","107",""
"5215","33605","108",""
"5215","33606","109",""
"5215","33607","111",""
"5215","33608","111",""
"5215","33609","112",""
"5215","34433","117",""
"5215","45949","117",""
"5215","34434","118",""
"5215","34435","118",""
"5215","3567","119",""
"5215","34436","120",""
"5215","33610","121",""
"5215","34437","127",""
"5215","34438","130",""
"5215","34439","130",""
"5215","34440","131",""
"5215","34441","132",""
"5215","34442","132",""
"5215","34443","133",""
"5215","34444","134",""
"5215","34445","135",""
"5215","34446","136",""
"5215","34447","138",""
"5215","33611","139",""
"5215","33612","141",""
"5215","33613","143",""
"5215","33614","145",""
"5215","33615","146",""
"5215","33616","147",""
"5215","33617","147",""
"5215","33618","149",""
"5215","33619","149",""
"5215","33620","149",""
"5215","33621","150",""
"5215","33559","51",""
"5215","33560","52",""
"5215","33561","52",""
"5215","33562","53",""
"5215","33563","53",""
"5215","33564","54",""
"5215","33565","54",""
"5215","33566","55",""
"5215","33567","58",""
"5215","34431","59",""
"5215","33568","61",""
"5215","33569","64",""
"5215","33570","64",""
"5215","33571","66",""
"5215","33572","66",""
"5215","33573","67",""
"5215","33574","69",""
"5215","33575","69",""
"5215","33576","71",""
"5215","33577","71",""
"5215","33578","72",""
"5215","33579","73",""
"5215","33580","73",""
"5215","33581","73",""
"5215","34432","76",""
"5215","33582","76",""
"5215","33583","76",""
"5215","3566","78",""
"5215","33584","79",""
"5215","33585","79",""
"5215","45948","80",""
"5215","33586","80",""
"5215","33587","83",""
"5215","33588","87",""
"5215","33589","88",""
"5215","33590","89",""
"5215","33591","90",""
"5215","33592","92",""
"5215","33593","93",""
"5215","33594","95",""
"5215","33595","95",""
"5215","33596","96",""
"5215","33597","97",""
"5215","33598","98",""
"5215","33599","100",""
"5215","33600","102",""
"485","33722","37",""
"485","33723","38",""
"485","33724","45",""
"485","33725","46",""
"485","33726","46",""
"485","33727","47",""
"485","33728","49",""
"485","33729","51",""
"485","33730","52",""
"485","33731","54",""
"485","33732","57",""
"485","33733","57",""
"485","1854","58",""
"485","33734","59",""
"485","33735","60",""
"485","33736","61",""
"485","33737","62",""
"485","33738","63",""
"485","33739","64",""
"485","33740","65",""
"485","33741","65",""
"485","33742","66",""
"485","33743","67",""
"485","33744","70",""
"485","33745","71",""
"485","33746","72",""
"485","33747","72",""
"485","33748","76",""
"485","3658","76",""
"485","33749","79",""
"485","33750","80",""
"485","33751","80",""
"485","33752","82",""
"485","33753","82",""
"485","33754","84",""
"485","33755","84",""
"485","33756","85",""
"485","33757","86",""
"485","33758","86",""
"485","33759","89",""
"485","33760","89",""
"485","33761","90",""
"485","33762","91",""
"485","33763","93",""
"485","33764","95",""
"485","33765","97",""
"485","33766","98",""
"485","33767","100",""
"485","33768","101",""
"485","33770","103",""
"485","33771","105",""
"485","33773","107",""
"485","33774","111",""
"485","33775","112",""
"485","33776","113",""
"485","2248","114",""
"485","33777","115",""
"485","33778","115",""
"485","33779","116",""
"485","33780","117",""
"485","33781","118",""
"485","33782","118",""
"485","33783","120",""
"485","33784","121",""
"485","33785","122",""
"485","33787","123",""
"485","33788","124",""
"485","33789","124",""
"485","33790","127",""
"485","33791","130",""
"485","33793","137",""
"485","33794","138",""
"485","33796","143",""
"485","33797","145",""
"485","33798","147",""
"485","33799","148",""
"485","33800","149",""
"485","33801","150",""
"485","33802","151",""
"485","33803","154",""
"485","33804","154",""
"485","33805","156",""
"485","33806","157",""
"485","33807","158",""
"485","33808","159",""
"485","33809","159",""
"485","33810","161",""
"485","33811","161",""
"485","33812","162",""
"485","33813","163",""
"485","33814","163",""
"485","33815","165",""
"485","3659","166",""
"485","33816","167",""
"485","33817","170",""
"485","33818","172",""
"485","33819","173",""
"485","33820","174",""
"485","1855","176",""
"485","33821","177",""
"485","33822","178",""
"485","33823","178",""
"485","33824","179",""
"485","33825","180",""
"485","33826","182",""
"485","33827","182",""
"485","33828","183",""
"485","1856","184",""
"485","33829","185",""
"485","33830","185",""
"485","33831","186",""
"485","33832","187",""
"485","33833","187",""
"485","33834","188",""
"485","33835","190",""
"485","33836","191",""
"485","33837","192",""
"485","33838","193",""
"485","33839","194",""
"485","33840","195",""
"485","33841","196",""
"436","39386","2",""
"436","39388","9",""
"436","39390","10",""
"436","33250","11",""
"436","33251","12",""
"436","33252","12",""
"436","33253","13",""
"436","33254","15",""
"436","33255","16",""
"436","33256","17",""
"436","33257","19",""
"436","33258","20",""
"436","33259","21",""
"436","33260","2",""
"436","33261","3",""
"436","33262","3",""
"436","33263","5",""
"436","33264","7",""
"436","33265","7",""
"436","33266","8",""
"436","33267","9",""
"436","33268","9",""
"436","33269","10",""
"436","33270","11",""
"436","33271","12",""
"436","33272","14",""
"436","33273","18",""
"436","33274","19",""
"436","33275","20",""
"436","33276","25",""
"436","33277","26",""
"436","33278","28",""
"436","33279","30",""
"436","33280","32",""
"436","33281","34",""
"436","33282","36",""
"436","33283","40",""
"436","33284","44",""
"436","33285","45",""
"436","33286","46",""
"436","33287","46",""
"436","33288","47",""
"436","33289","48",""
"436","33290","49",""
"436","33291","51",""
"436","33292","53",""
"436","33293","54",""
"436","33294","55",""
"436","33295","56",""
"436","33296","59",""
"436","33297","59",""
"436","33298","60",""
"436","33299","62",""
"436","33300","63",""
"436","33301","65",""
"436","33302","67",""
"436","33303","68",""
"436","39392","68",""
"436","39391","70",""
"436","39389","71",""
"436","39387","71",""
"438","33415","253",""
"438","33416","60",""
"438","33417","60",""
"438","33418","63",""
"438","33419","64",""
"438","33420","68",""
"438","33421","71",""
"438","33422","76",""
"438","33423","78",""
"438","33424","80",""
"438","33425","81",""
"438","33426","83",""
"438","33427","85",""
"438","33428","86",""
"438","33429","86",""
"438","33430","89",""
"438","33431","90",""
"438","33432","90",""
"438","33433","91",""
"438","33434","92",""
"438","33435","93",""
"438","33436","93",""
"438","33437","96",""
"438","33438","98",""
"438","33439","100",""
"438","33440","101",""
"438","33441","101",""
"438","33442","102",""
"438","33443","103",""
"438","33444","103",""
"438","33385","22",""
"438","33386","22",""
"438","33387","23",""
"438","33388","23",""
"438","33389","24",""
"438","33390","24",""
"438","33391","26",""
"438","33392","28",""
"438","33393","31",""
"438","33394","32",""
"438","33395","33",""
"438","33396","33",""
"438","33397","34",""
"438","33398","34",""
"438","33399","35",""
"438","33400","36",""
"438","33401","37",""
"438","33402","39",""
"438","33403","39",""
"438","33404","42",""
"438","33405","43",""
"438","33406","44",""
"438","33407","46",""
"438","33408","50",""
"438","33409","52",""
"438","33410","54",""
"438","33411","54",""
"438","33412","58",""
"438","33413","59",""
"438","33414","253",""
"413","14083","15",""
"413","14084","17",""
"413","14085","17",""
"413","14086","17",""
"413","14087","19",""
"413","14088","2",""
"413","14089","2",""
"413","14090","3",""
"413","14091","4",""
"413","14092","5",""
"413","14093","6",""
"413","14094","7",""
"413","4138","8",""
"413","14095","8",""
"413","14096","9",""
"413","1541","10",""
"413","1542","11",""
"413","14097","12",""
"413","50576","13",""
"413","1548","18",""
"413","14100","18",""
"413","14101","19",""
"413","14102","19",""
"413","14103","20",""
"413","14104","23",""
"413","14105","23",""
"413","14106","24",""
"413","14107","25",""
"413","14108","27",""
"413","14109","28",""
"413","14110","28",""
"413","14111","29",""
"413","14112","29",""
"413","14113","30",""
"413","14114","31",""
"413","14115","32",""
"413","14116","33",""
"413","14117","34",""
"413","14118","34",""
"413","14119","35",""
"413","14120","36",""
"413","14121","37",""
"413","14122","38",""
"413","14123","39",""
"413","14124","40",""
"413","14125","41",""
"413","14126","41",""
"413","14127","42",""
"413","14128","43",""
"413","14129","44",""
"413","14130","47",""
"413","14131","49",""
"413","14132","50",""
"413","14133","51",""
"413","14134","51",""
"413","14135","55",""
"413","14136","56",""
"413","4139","57",""
"413","14137","58",""
"413","14138","58",""
"413","14139","60",""
"413","14140","60",""
"413","14141","61",""
"413","14142","62",""
"413","14143","63",""
"413","2384","64",""
"413","14144","65",""
"413","14145","65",""
"413","14146","66",""
"413","14147","68",""
"413","14148","69",""
"413","14149","70",""
"413","14150","71",""
"413","14151","71",""
"413","14152","72",""
"413","14153","72",""
"413","14154","73",""
"413","14155","73",""
"413","14156","74",""
"413","14157","75",""
"413","14158","76",""
"413","2385","77",""
"413","14159","78",""
"413","14001","-1","未發車"
"413","14002","-1","未發車"
"413","14003","-1","未發車"
"413","14004","-1","未發車"
"413","2383","-1","未發車"
"413","14005","-1","未發車"
"413","14006","-1","未發車"
"413","14007","1",""
"413","14008","2",""
"413","14009","3",""
"413","14010","4",""
"413","14011","4",""
"413","14012","4",""
"413","14013","5",""
"413","14014","5",""
"413","14015","6",""
"413","14016","6",""
"413","14017","7",""
"413","14018","8",""
"413","14019","9",""
"413","14020","10",""
"413","14021","10",""
"413","14022","2",""
"413","14023","3",""
"413","14024","3",""
"413","14025","4",""
"413","14026","4",""
"413","14027","5",""
"413","14028","6",""
"413","14029","7",""
"413","14030","10",""
"413","14031","11",""
"413","14032","12",""
"413","14033","13",""
"413","14034","13",""
"413","14035","16",""
"413","14036","18",""
"413","14037","2",""
"413","14038","3",""
"413","14039","4",""
"413","1547","5",""
"413","14040","5",""
"413","14041","5",""
"413","14042","6",""
"413","14043","7",""
"413","14044","8",""
"413","14045","8",""
"413","14046","9",""
"413","14047","10",""
"413","14048","10",""
"413","14049","11",""
"413","14050","12",""
"413","14051","13",""
"413","14052","14",""
"413","14053","15",""
"413","14054","1",""
"413","14055","2",""
"413","14056","3",""
"413","14057","3",""
"413","14058","4",""
"413","14059","4",""
"413","14060","6",""
"413","14061","9",""
"413","14062","10",""
"413","14063","11",""
"413","14064","11",""
"413","14065","12",""
"413","14066","12",""
"413","14067","16",""
"413","14068","17",""
"413","14069","18",""
"413","14070","19",""
"413","14071","20",""
"413","14072","21",""
"413","14073","21",""
"413","14074","2",""
"413","14075","2",""
"413","14076","3",""
"413","14077","4",""
"413","14078","4",""
"413","14079","6",""
"413","14080","7",""
"413","14081","10",""
"413","14082","11",""
"116","36231","27",""
"116","36232","253",""
"116","36233","29",""
"116","36234","30",""
"116","36235","253",""
"116","36236","34",""
"116","36237","37",""
"116","36238","40",""
"116","36239","40",""
"116","36240","42",""
"116","36241","44",""
"116","36242","45",""
"116","36243","46",""
"116","36244","47",""
"116","36245","48",""
"116","36246","49",""
"116","36247","51",""
"116","36248","53",""
"116","36249","55",""
"116","36250","56",""
"116","36251","58",""
"116","36252","58",""
"116","36253","61",""
"116","36254","63",""
"116","36255","66",""
"116","36256","67",""
"116","36257","69",""
"116","36258","71",""
"116","36259","72",""
"116","36260","73",""
"116","36261","74",""
"116","36262","75",""
"116","36263","78",""
"116","36264","80",""
"116","36265","83",""
"116","36266","88",""
"116","36267","90",""
"116","36268","90",""
"116","36269","91",""
"116","36270","93",""
"116","36271","94",""
"116","36272","95",""
"116","36273","97",""
"116","36274","99",""
"116","36275","100",""
"116","36276","101",""
"116","36277","104",""
"116","36278","253",""
"116","36279","106",""
"116","36280","106",""
"116","36281","107",""
"331","35683","17",""
"331","35684","17",""
"331","35685","18",""
"331","35686","18",""
"331","35687","18",""
"331","35688","19",""
"331","35689","19",""
"331","35690","19",""
"331","35691","20",""
"331","35692","20",""
"331","35693","21",""
"331","35694","21",""
"331","35695","22",""
"331","35696","23",""
"331","35697","23",""
"331","35698","24",""
"331","35699","25",""
"331","35700","26",""
"331","35701","27",""
"331","35702","28",""
"331","35703","29",""
"331","35704","30",""
"331","35705","31",""
"331","35706","31",""
"331","35707","32",""
"331","35708","33",""
"331","35709","34",""
"331","41244","37",""
"331","41246","40",""
"331","35710","43",""
"331","35711","44",""
"331","35712","46",""
"331","35713","48",""
"331","35714","48",""
"331","35715","50",""
"331","35716","52",""
"331","35717","54",""
"331","35718","56",""
"331","35719","57",""
"331","35720","58",""
"331","35721","59",""
"331","35722","60",""
"331","35723","62",""
"331","35724","64",""
"331","35725","67",""
"331","35726","68",""
"331","35727","70",""
"331","35728","72",""
"331","35729","73",""
"331","35730","75",""
"331","35731","78",""
"331","35732","80",""
"331","35733","81",""
"331","35734","82",""
"331","35735","83",""
"331","35736","85",""
"331","35737","87",""
"331","35738","88",""
"331","41247","92",""
"331","41245","94",""
"331","35739","98",""
"331","35740","100",""
"331","35741","100",""
"331","35742","101",""
"331","35743","102",""
"331","35744","102",""
"331","35745","103",""
"331","35746","105",""
"331","35747","106",""
"331","35748","107",""
"331","35749","108",""
"331","35750","109",""
"331","35751","111",""
"331","35752","112",""
"331","35753","112",""
"331","35754","113",""
"331","35755","113",""
"331","35756","114",""
"331","35757","114",""
"331","35758","115",""
"331","35759","116",""
"331","35760","116",""
"331","35761","116",""
"331","35762","117",""
"331","35763","117",""
"331","35764","118",""
"5164","37486","37",""
"5164","3699","37",""
"5164","37487","38",""
"5164","37488","39",""
"5164","37489","39",""
"5164","37490","40",""
"5164","37491","41",""
"5164","37492","43",""
"5164","37493","46",""
"5164","37494","47",""
"5164","37495","48",""
"5164","37496","50",""
"5164","37497","50",""
"5164","37498","52",""
"5164","37499","53",""
"5164","37500","54",""
"5164","37501","55",""
"5164","37502","55",""
"5164","37503","56",""
"5164","37504","58",""
"5164","37505","62",""
"5164","37506","63",""
"5164","37507","66",""
"5164","37508","67",""
"5164","37509","68",""
"5164","37510","76",""
"5164","37511","79",""
"5164","37512","81",""
"5164","37513","83",""
"5164","37514","86",""
"5164","37515","87",""
"5164","37516","91",""
"5164","37517","94",""
"5164","37518","95",""
"5164","37519","98",""
"5164","37520","100",""
"5164","37521","101",""
"5164","37522","103",""
"5164","37523","105",""
"5164","37524","106",""
"5164","37525","107",""
"5164","37526","107",""
"5164","37442","37",""
"5164","37443","38",""
"5164","37444","39",""
"5164","37445","40",""
"5164","37446","41",""
"5164","37447","42",""
"5164","37448","43",""
"5164","37449","45",""
"5164","37450","47",""
"5164","37451","48",""
"5164","37452","50",""
"5164","37453","54",""
"5164","37454","56",""
"5164","37455","57",""
"5164","37456","59",""
"5164","37457","60",""
"5164","37458","66",""
"5164","37459","69",""
"5164","37460","72",""
"5164","37461","75",""
"5164","37462","76",""
"5164","37463","77",""
"5164","37464","78",""
"5164","37465","80",""
"5164","37466","82",""
"5164","37467","82",""
"5164","37468","85",""
"5164","37469","86",""
"5164","37470","87",""
"5164","37471","87",""
"5164","37472","88",""
"5164","37473","89",""
"5164","37474","91",""
"5164","37475","94",""
"5164","37476","95",""
"5164","37477","97",""
"5164","37478","98",""
"5164","37479","99",""
"5164","37480","99",""
"5164","37481","99",""
"5164","3698","100",""
"5164","37482","102",""
"5164","37483","103",""
"5164","37484","103",""
"492","37576","121",""
"492","37577","127",""
"492","37578","127",""
"492","37579","129",""
"492","37580","130",""
"492","37581","131",""
"492","37582","133",""
"492","37583","134",""
"492","37584","135",""
"492","37585","136",""
"492","37586","137",""
"492","37587","137",""
"492","37588","139",""
"492","37589","141",""
"492","37590","142",""
"492","37591","143",""
"492","37592","145",""
"492","37593","150",""
"492","37594","156",""
"492","37595","158",""
"492","37596","161",""
"492","37597","163",""
"492","37598","165",""
"492","37599","171",""
"492","37600","173",""
"492","37601","174",""
"492","37602","176",""
"492","37603","179",""
"492","37604","181",""
"492","37605","182",""
"492","37606","186",""
"492","37607","186",""
"492","37608","189",""
"492","39474","193",""
"492","37609","194",""
"492","37610","196",""
"492","37611","198",""
"492","37612","200",""
"492","37613","201",""
"492","37614","202",""
"492","40343","203",""
"492","40340","203",""
"492","40338","204",""
"492","40335","205",""
"492","40333","206",""
"492","40332","206",""
"492","40330","207",""
"492","40328","207",""
"492","40344","209",""
"492","40327","37",""
"492","40329","38",""
"492","40331","38",""
"492","40334","39",""
"492","40336","40",""
"492","40337","41",""
"492","40339","41",""
"492","40341","42",""
"492","40342","43",""
"492","37537","44",""
"492","37538","46",""
"492","37539","48",""
"492","37540","49",""
"492","37541","53",""
"492","39473","55",""
"492","37542","59",""
"492","37543","61",""
"492","37544","62",""
"492","37545","65",""
"492","37546","67",""
"492","37547","72",""
"492","37548","73",""
"492","37549","75",""
"492","37550","79",""
"492","37551","80",""
"492","37552","83",""
"492","37553","86",""
"492","37554","88",""
"492","37555","92",""
"492","37556","94",""
"492","37557","96",""
"492","37558","97",""
"492","37559","100",""
"492","37560","101",""
"492","37561","101",""
"492","37562","102",""
"492","37563","104",""
"492","37564","105",""
"492","37565","105",""
"492","37566","106",""
"492","37567","107",""
"492","37568","108",""
"492","37569","109",""
"492","37570","110",""
"492","37571","110",""
"492","37572","113",""
"492","37573","114",""
"492","37574","115",""
"492","37575","118",""
"8032","37937","37",""
"8032","37939","42",""
"8032","37940","42",""
"8032","37941","44",""
"8032","37942","44",""
"8032","37943","45",""
"8032","37944","46",""
"8032","39317","47",""
"8032","40361","48",""
"8032","37945","50",""
"8032","37946","50",""
"8032","37947","52",""
"8032","37948","55",""
"8032","37949","56",""
"8032","37950","57",""
"8032","37951","60",""
"8032","37952","62",""
"8032","37953","65",""
"8032","37954","70",""
"8032","40362","71",""
"8032","37955","76",""
"8032","37956","77",""
"8032","37957","78",""
"8032","37958","79",""
"8032","37959","81",""
"8032","37960","82",""
"8032","37961","89",""
"8032","37962","90",""
"5601","37776","37",""
"5601","37777","39",""
"5601","37778","42",""
"5601","37779","43",""
"5601","37780","44",""
"5601","39380","47",""
"5601","37781","47",""
"5601","37782","53",""
"5601","39382","53",""
"5601","37783","54",""
"5601","38987","54",""
"5601","37784","57",""
"5601","39131","58",""
"5601","39129","60",""
"5601","37785","61",""
"5601","41252","61",""
"5601","37786","63",""
"5601","37787","64",""
"5601","37788","67",""
"5601","37789","69",""
"5601","4141","70",""
"5601","4142","70",""
"5601","37790","72",""
"5601","42327","74",""
"5601","37791","75",""
"5601","4143","76",""
"5601","37792","77",""
"5601","4144","77",""
"5601","37793","79",""
"5601","37794","80",""
"5601","37795","81",""
"5601","37796","83",""
"5601","37797","86",""
"5601","37798","89",""
"5601","37799","93",""
"5601","37800","97",""
"5601","37801","102",""
