"RouteID","StationId","EstimateTime","Memo"
"113","4082","69",""
"113","4083","70",""
"113","4084","71",""
"113","4085","73",""
"113","4086","75",""
"113","4087","76",""
"113","4088","77",""
"113","4089","78",""
"113","4090","80",""
"113","4091","81",""
"113","4092","83",""
"113","4093","83",""
"113","4094","84",""
"113","4095","86",""
"113","4096","86",""
"113","4097","87",""
"113","4098","88",""
"113","4099","89",""
"113","4100","91",""
"113","4101","91",""
"113","4102","93",""
"113","4103","93",""
"113","4104","94",""
"113","38998","95",""
"113","4106","97",""
"113","4107","98",""
"113","4108","100",""
"113","4109","101",""
"113","4110","102",""
"113","4111","103",""
"113","4112","103",""
"113","4113","103",""
"113","4114","104",""
"113","4115","105",""
"113","4116","106",""
"113","4117","108",""
"113","4118","109",""
"113","4119","109",""
"113","4120","111",""
"113","4121","111",""
"113","4122","112",""
"113","4124","114",""
"113","4125","115",""
"113","4126","115",""
"113","4127","117",""
"113","4128","118",""
"113","4129","119",""
"113","4130","120",""
"113","4131","121",""
"113","4132","122",""
"113","4133","125",""
"113","4134","128",""
"113","4135","128",""
"113","4002","8",""
"113","4003","9",""
"113","4004","9",""
"113","4005","10",""
"113","4006","11",""
"113","4007","12",""
"113","4008","13",""
"113","4009","14",""
"113","4010","15",""
"113","4011","16",""
"113","4012","16",""
"113","4013","17",""
"113","4014","18",""
"113","4015","18",""
"113","4016","19",""
"113","4017","20",""
"113","4018","20",""
"113","4019","21",""
"113","4020","22",""
"113","4021","23",""
"113","4022","24",""
"113","4023","25",""
"113","4024","25",""
"113","4025","26",""
"113","4026","27",""
"113","4027","28",""
"113","4028","28",""
"113","4029","29",""
"113","4030","30",""
"113","4031","31",""
"113","38997","33",""
"113","4032","33",""
"113","4033","33",""
"113","4034","35",""
"113","4035","36",""
"113","4036","37",""
"113","4037","38",""
"113","4038","41",""
"113","4039","42",""
"113","4040","42",""
"113","4041","44",""
"113","4042","45",""
"113","4043","45",""
"113","4044","46",""
"113","4045","48",""
"113","4046","49",""
"113","4047","53",""
"113","39650","53",""
"113","4048","56",""
"113","4049","57",""
"113","4050","58",""
"113","4051","60",""
"113","4052","61",""
"113","4053","62",""
"113","4054","63",""
"113","4055","66",""
"131","42274","8",""
"131","0372","13",""
"131","0373","13",""
"131","0374","14",""
"131","0375","15",""
"131","0376","17",""
"131","0377","19",""
"131","0378","22",""
"131","0379","24",""
"131","0380","25",""
"131","0381","28",""
"131","0382","29",""
"131","0383","29",""
"131","0384","32",""
"131","0385","33",""
"131","0386","35",""
"131","0387","35",""
"131","0388","37",""
"131","42275","38",""
"131","0389","39",""
"131","0390","40",""
"131","0391","41",""
"131","0392","41",""
"131","0393","42",""
"131","0394","43",""
"131","0395","44",""
"131","41313","44",""
"131","0396","45",""
"131","41314","46",""
"131","0397","47",""
"131","0398","48",""
"131","0399","49",""
"131","0400","50",""
"131","0401","51",""
"131","0402","51",""
"131","0403","52",""
"131","42276","52",""
"131","0404","53",""
"131","0405","55",""
"131","0406","55",""
"131","0407","56",""
"131","0408","58",""
"131","0409","59",""
"131","0410","60",""
"131","0411","61",""
"131","0412","63",""
"131","0413","63",""
"131","0414","64",""
"131","0415","65",""
"131","0416","66",""
"131","0417","67",""
"131","0418","68",""
"131","0419","69",""
"131","0420","70",""
"141","0289","37",""
"141","6602","45",""
"141","6603","46",""
"141","6604","46",""
"141","6605","47",""
"141","6606","47",""
"141","0017","48",""
"141","6607","50",""
"141","6608","51",""
"141","6609","51",""
"141","6610","52",""
"141","6611","52",""
"141","6612","52",""
"141","6613","53",""
"141","6614","54",""
"141","6615","55",""
"141","6616","56",""
"141","6617","57",""
"141","6618","58",""
"141","6619","59",""
"141","6620","62",""
"141","6621","65",""
"141","6622","68",""
"141","6626","70",""
"141","6627","71",""
"141","6628","73",""
"141","6629","74",""
"141","6630","75",""
"141","6631","76",""
"141","6632","77",""
"141","6633","78",""
"141","6634","79",""
"141","6635","79",""
"141","6636","79",""
"141","6637","80",""
"141","6639","82",""
"141","0018","84",""
"141","6640","84",""
"141","6641","85",""
"141","6642","85",""
"141","6643","86",""
"141","6644","87",""
"141","6645","89",""
"141","6646","89",""
"141","6647","90",""
"141","6648","92",""
"141","6649","93",""
"141","6650","94",""
"141","6651","94",""
"141","6652","95",""
"211","1479","46",""
"211","1480","49",""
"211","50575","49",""
"211","50574","50",""
"211","1483","58",""
"211","1484","59",""
"211","1485","60",""
"211","1486","62",""
"211","1487","63",""
"211","1488","66",""
"211","1489","66",""
"211","1490","67",""
"211","1491","69",""
"211","1492","71",""
"211","1493","71",""
"211","1494","72",""
"211","1495","73",""
"211","1496","74",""
"211","1497","74",""
"211","1498","76",""
"211","1499","76",""
"211","1500","77",""
"211","1501","78",""
"211","1502","78",""
"211","39067","79",""
"211","1503","81",""
"211","1504","82",""
"211","1505","82",""
"211","1506","84",""
"211","1507","85",""
"211","1508","86",""
"211","1509","87",""
"211","1510","88",""
"211","1511","89",""
"211","1512","90",""
"211","1513","90",""
"211","1514","92",""
"211","1515","93",""
"211","1516","93",""
"211","1517","95",""
"211","1518","96",""
"211","1519","97",""
"211","1520","98",""
"211","1521","100",""
"211","1522","100",""
"211","1523","101",""
"211","1524","102",""
"211","1525","103",""
"211","1526","104",""
"211","1527","104",""
"211","1528","104",""
"211","1529","105",""
"211","1530","106",""
"211","1531","106",""
"211","1532","107",""
"211","1533","108",""
"211","1534","108",""
"211","1535","109",""
"211","1537","112",""
"211","1538","112",""
"211","1422","-1","未發車"
"211","1423","-1","未發車"
"211","1424","-1","未發車"
"211","1425","-1","未發車"
"211","1426","-1","未發車"
"211","1427","1",""
"211","1428","1",""
"211","1429","2",""
"211","1430","3",""
"211","1431","4",""
"211","1432","4",""
"211","1433","5",""
"211","1434","6",""
"211","1435","8",""
"211","1436","9",""
"211","1437","10",""
"211","1438","11",""
"211","1439","13",""
"211","1440","14",""
"211","1442","2",""
"211","1443","3",""
"211","1444","3",""
"211","1445","5",""
"211","1446","6",""
"211","1447","6",""
"211","1448","8",""
"211","1449","8",""
"211","1450","9",""
"211","1451","10",""
"211","1452","11",""
"211","1453","13",""
"211","1454","14",""
"211","1455","14",""
"211","1456","16",""
"211","1457","17",""
"211","1458","17",""
"211","1459","18",""
"211","1460","19",""
"211","1461","20",""
"211","1462","20",""
"211","1463","21",""
"211","1464","22",""
"211","1465","23",""
"211","1466","24",""
"211","1467","25",""
"211","1468","28",""
"211","1469","29",""
"211","1470","29",""
"211","1471","31",""
"211","1472","34",""
"211","1473","35",""
"211","1474","35",""
"211","1475","36",""
"211","1476","38",""
"211","1477","39",""
"211","1478","44",""
"5312","7451","37",""
"5312","7452","39",""
"5312","7453","41",""
"5312","7454","41",""
"5312","7455","41",""
"5312","7456","42",""
"5312","7457","43",""
"5312","7458","44",""
"5312","7459","46",""
"5312","7460","47",""
"5312","7461","47",""
"5312","7462","48",""
"5312","7463","49",""
"5312","7464","51",""
"5312","7465","52",""
"5312","7466","54",""
"5312","7467","54",""
"5312","7468","55",""
"5312","7469","57",""
"5312","7470","58",""
"5312","7471","60",""
"5312","7472","61",""
"5312","7473","63",""
"5312","7474","64",""
"5312","7475","68",""
"5312","7476","69",""
"5312","7477","71",""
"5312","7478","72",""
"5312","7479","72",""
"5312","7480","74",""
"5312","7481","75",""
"5312","7482","76",""
"5312","7483","77",""
"5312","7484","78",""
"5312","7485","79",""
"5312","7486","80",""
"5312","7487","82",""
"5230","2181","37",""
"5230","2182","38",""
"5230","3485","38",""
"5230","2183","39",""
"5230","2184","39",""
"5230","42388","42",""
"5230","2185","43",""
"5230","2186","43",""
"5230","40510","44",""
"5230","2187","45",""
"5230","2188","45",""
"5230","2189","47",""
"5230","2190","48",""
"5230","2191","48",""
"5230","2192","49",""
"5230","2193","49",""
"5230","2194","51",""
"5230","2195","52",""
"5230","2196","52",""
"5230","2197","53",""
"5230","2198","53",""
"5230","2199","54",""
"5230","2200","54",""
"5230","2201","55",""
"5230","2202","58",""
"5230","2203","58",""
"5230","2204","60",""
"5230","2205","63",""
"5230","2206","64",""
"5230","2207","66",""
"5230","2208","67",""
"5230","2209","68",""
"5230","2210","68",""
"5230","2211","68",""
"5230","2212","69",""
"5230","2213","70",""
"5230","2214","71",""
"5230","2215","72",""
"5230","2216","73",""
"5230","2217","73",""
"5230","2218","74",""
"5230","2219","74",""
"5230","2220","76",""
"5230","2221","77",""
"5230","40511","78",""
"5230","2222","78",""
"5230","2223","78",""
"5230","42389","79",""
"5230","2224","79",""
"5230","2225","81",""
"5230","2226","83",""
"5230","2227","84",""
"5230","3486","85",""
"226","10661","27",""
"226","10662","27",""
"226","10663","28",""
"226","10664","28",""
"226","10665","30",""
"226","10666","31",""
"226","10667","32",""
"226","10668","33",""
"226","10669","35",""
"226","10670","36",""
"226","10671","37",""
"226","10672","38",""
"226","10673","39",""
"226","10674","40",""
"226","10675","42",""
"226","10676","44",""
"226","10677","44",""
"226","41368","50",""
"226","41370","54",""
"226","10678","57",""
"226","10679","58",""
"226","10680","58",""
"226","10681","59",""
"226","10682","59",""
"226","10683","60",""
"226","10684","60",""
"226","10685","61",""
"226","10686","61",""
"226","10687","62",""
"226","10688","62",""
"226","10689","63",""
"226","10690","63",""
"226","10691","64",""
"226","10692","64",""
"226","10693","65",""
"226","10694","65",""
"226","10695","67",""
"226","10696","68",""
"226","10697","68",""
"226","10698","69",""
"226","10699","70",""
"226","10700","71",""
"226","10701","72",""
"226","10702","72",""
"226","10703","72",""
"226","10704","73",""
"226","10705","73",""
"226","10706","74",""
"226","10707","74",""
"226","10708","75",""
"226","10709","75",""
"226","10710","75",""
"226","10711","76",""
"226","10712","76",""
"226","10713","77",""
"226","10714","77",""
"226","10715","77",""
"226","10716","78",""
"226","41371","82",""
"226","41369","87",""
"226","10717","92",""
"226","10718","93",""
"226","10719","93",""
"226","10720","95",""
"226","10721","95",""
"226","10722","97",""
"226","10723","97",""
"226","10724","98",""
"226","10725","99",""
"226","10726","100",""
"226","10727","101",""
"226","10728","101",""
"226","10729","102",""
"226","10730","103",""
"226","10731","104",""
"226","10732","105",""
"190","14931","47",""
"190","14932","52",""
"190","14933","53",""
"190","14934","53",""
"190","14935","54",""
"190","14936","54",""
"190","0016","55",""
"190","14937","56",""
"190","14938","56",""
"190","14939","57",""
"190","14940","58",""
"190","14941","59",""
"190","14942","60",""
"190","14943","61",""
"190","14944","62",""
"190","14945","62",""
"190","14946","62",""
"190","14947","64",""
"190","14948","64",""
"190","14949","65",""
"190","14950","66",""
"190","14951","66",""
"190","14952","67",""
"190","1551","67",""
"190","14953","68",""
"190","14954","68",""
"190","14955","69",""
"190","14956","69",""
"190","14957","70",""
"190","14958","70",""
"190","14959","73",""
"190","14960","74",""
"190","1552","74",""
"190","14961","75",""
"190","14962","75",""
"190","14963","76",""
"190","14964","77",""
"190","14965","77",""
"190","14966","78",""
"190","14967","79",""
"190","14968","79",""
"190","14969","80",""
"190","14970","80",""
"190","14971","81",""
"190","14972","82",""
"190","14973","83",""
"190","14974","83",""
"190","14975","83",""
"190","14976","84",""
"190","14977","84",""
"190","4554","85",""
"190","14978","85",""
"190","14979","86",""
"190","14980","86",""
"190","14981","88",""
"190","14982","88",""
"190","14983","89",""
"190","14984","90",""
"190","14985","90",""
"190","14986","91",""
"190","14987","92",""
"190","14988","95",""
"190","14990","97",""
"190","41257","97",""
"190","14871","28",""
"190","14872","30",""
"190","14873","31",""
"190","14874","31",""
"190","14875","33",""
"190","14876","34",""
"190","14877","35",""
"190","14878","35",""
"190","14879","2",""
"190","14880","3",""
"190","14881","3",""
"190","14882","4",""
"190","14883","5",""
"190","4553","6",""
"190","14884","6",""
"190","14885","7",""
"190","14886","8",""
"190","14887","8",""
"190","14888","9",""
"190","14889","9",""
"190","14890","10",""
"190","14891","10",""
"190","14892","11",""
"190","14893","12",""
"190","14894","13",""
"190","14895","14",""
"190","14896","14",""
"190","14897","15",""
"190","14898","16",""
"190","14899","16",""
"190","14900","17",""
"190","1549","18",""
"190","14901","19",""
"190","14902","19",""
"190","14903","21",""
"190","14904","22",""
"190","14905","22",""
"190","14906","22",""
"190","14907","23",""
"190","14908","23",""
"190","1550","24",""
"190","14909","24",""
"190","14910","24",""
"190","14911","25",""
"190","14912","25",""
"190","14913","26",""
"190","14914","26",""
"190","14915","26",""
"190","14916","27",""
"190","14917","28",""
"190","14918","28",""
"190","14919","29",""
"190","14920","30",""
"190","14921","32",""
"190","14922","32",""
"190","14923","33",""
"190","14924","34",""
"190","14925","34",""
"190","0015","36",""
"190","14926","37",""
"190","14927","37",""
"190","14928","38",""
"190","14929","38",""
"190","14930","39",""
"5239","15791","47",""
"5239","15792","49",""
"5239","15793","52",""
"5239","0047","53",""
"5239","15794","55",""
"5239","15795","55",""
"5239","15796","57",""
"5239","15797","58",""
"5239","15798","59",""
"5239","0048","60",""
"5239","15799","60",""
"5239","15800","61",""
"5239","15801","63",""
"5239","15802","64",""
"5239","15803","64",""
"5239","15804","65",""
"5239","15805","66",""
"5239","42600","67",""
"5239","15806","68",""
"5239","15807","70",""
"5239","15808","70",""
"5239","15809","71",""
"5239","15810","71",""
"5239","15811","72",""
"5239","15812","73",""
"5239","15813","74",""
"5239","1936","74",""
"5239","15814","75",""
"5239","15815","76",""
"5239","15816","76",""
"5239","15817","76",""
"5239","15818","77",""
"5239","15819","79",""
"5239","15820","80",""
"5239","15821","80",""
"5239","15822","81",""
"5239","15823","81",""
"5239","15824","82",""
"5239","15825","83",""
"5239","15826","83",""
"2035","27511","47",""
"2035","27512","49",""
"2035","27513","54",""
"2035","27514","58",""
"2035","27515","65",""
"2035","27516","69",""
"1075","32022","8",""
"1075","32023","10",""
"1075","32024","12",""
"1075","32025","14",""
"1075","32026","15",""
"1075","32027","16",""
"1075","32028","17",""
"1075","32029","18",""
"1075","32030","19",""
"1075","32031","20",""
"1075","32032","21",""
"1075","32033","21",""
"1075","32034","22",""
"1075","32035","22",""
"1075","32036","24",""
"1075","32037","24",""
"1075","32038","27",""
"1075","32039","30",""
"1075","32040","34",""
"1075","32041","35",""
"1075","41054","35",""
"1075","41053","36",""
"1075","32042","39",""
"1075","41055","39",""
"1075","32043","43",""
"1075","32044","48",""
"1075","32045","51",""
"1075","32046","52",""
"1075","32047","53",""
"1075","32048","55",""
"1075","32049","56",""
"1075","32050","56",""
"1075","32051","57",""
"1075","32052","58",""
"1075","32053","59",""
"1075","32054","61",""
"1075","32055","61",""
"1075","32056","62",""
"1075","41684","62",""
"1075","41685","63",""
"1075","41686","64",""
"1075","32059","68",""
"1075","32060","69",""
"1075","32061","70",""
"1075","32062","70",""
"1075","32063","70",""
"1075","32064","71",""
"1075","32065","71",""
"1075","32066","74",""
"1075","32067","75",""
"1075","32068","75",""
"1075","32069","76",""
"1075","32070","77",""
"1075","32071","79",""
"1075","32072","81",""
"1075","32073","84",""
"1075","32074","85",""
"1075","32075","86",""
"5623","7151","18",""
"5623","7152","21",""
"5623","7153","21",""
"5623","7154","23",""
"5623","7155","23",""
"5623","7156","24",""
"5623","40734","26",""
"5623","7157","30",""
"5623","7158","30",""
"5623","7159","31",""
"5623","7160","32",""
"5623","7161","34",""
"5623","42196","37",""
"5623","7162","41",""
"5623","7163","43",""
"5623","42685","37",""
"5623","7164","40",""
"5623","7165","41",""
"5623","7166","45",""
"5623","7167","49",""
"5623","7168","49",""
"5623","7169","49",""
"5623","41254","51",""
"5623","7170","55",""
"5623","7171","56",""
"5623","7172","56",""
"5623","7173","59",""
"5623","7174","62",""
"9014","27821","42",""
"9014","27822","42",""
"9014","27823","43",""
"9014","27824","44",""
"9014","27825","45",""
"9014","27826","48",""
"9014","27827","50",""
"9014","27828","51",""
"9014","27829","55",""
"9014","27830","57",""
"9014","27831","59",""
"9014","27832","61",""
"9014","27833","61",""
"9014","27834","62",""
"9014","27835","63",""
"9014","27836","65",""
"9014","27837","65",""
"9014","27838","66",""
"9014","27839","67",""
"9014","27840","67",""
"9014","27841","68",""
"9014","27842","69",""
"6014","27231","37",""
"6014","27232","38",""
"6014","27233","40",""
"6014","27234","42",""
"6014","27235","43",""
"6014","27236","45",""
"6014","27237","47",""
"6014","27238","50",""
"6014","27239","51",""
"803","11954","72",""
"803","11955","73",""
"803","11956","73",""
"803","11957","73",""
"803","11958","74",""
"803","11959","75",""
"803","1153","76",""
"803","11960","77",""
"803","11961","78",""
"803","11962","78",""
"803","11963","80",""
"803","11964","81",""
"803","11965","82",""
"803","11966","83",""
"803","11967","83",""
"803","11968","84",""
"803","11969","86",""
"803","11970","87",""
"803","11971","87",""
"803","11972","89",""
"803","11973","90",""
"803","11974","92",""
"803","11975","92",""
"803","11976","93",""
"803","11977","94",""
"803","11978","95",""
"803","11979","99",""
"803","11980","99",""
"803","11981","101",""
"803","11982","101",""
"803","11983","103",""
"803","11984","104",""
"803","11985","104",""
"803","11986","105",""
"803","11987","107",""
"803","11988","108",""
"803","11989","109",""
"803","11990","110",""
"803","11991","111",""
"803","11992","112",""
"803","11993","112",""
"803","11921","37",""
"803","11922","37",""
"803","11923","38",""
"803","11924","39",""
"803","11925","40",""
"803","11926","41",""
"803","11927","43",""
"803","11928","44",""
"803","11929","45",""
"803","11930","46",""
"803","11931","47",""
"803","11932","48",""
"803","11933","48",""
"803","11934","49",""
"803","11935","50",""
"803","11936","51",""
"803","11937","54",""
"803","11938","55",""
"803","11939","56",""
"803","11940","56",""
"803","11941","58",""
"803","11942","59",""
"803","11943","60",""
"803","11944","61",""
"803","11945","62",""
"803","11946","63",""
"803","11947","65",""
"803","11948","66",""
"803","11949","68",""
"803","11950","68",""
"803","11951","70",""
"803","11952","70",""
"803","11953","72",""
"5663","21555","47",""
"5663","21556","48",""
"5663","21557","49",""
"5663","21558","49",""
"5663","21559","50",""
"5663","21560","50",""
"5663","21561","50",""
"5663","21562","51",""
"5663","21563","51",""
"5663","21564","52",""
"5663","21565","54",""
"5663","21566","57",""
"5663","21567","58",""
"5663","21568","58",""
"5663","21569","59",""
"5663","21570","61",""
"5663","21571","61",""
"5663","21572","62",""
"5663","21573","64",""
"5663","21574","66",""
"5663","21578","66",""
"5663","21579","67",""
"5663","21580","67",""
"5663","21581","68",""
"5663","21582","68",""
"5663","21583","69",""
"5663","21584","69",""
"5663","21585","71",""
"5663","21586","71",""
"5663","21587","72",""
"5663","21588","74",""
"5663","21589","74",""
"5663","21590","75",""
"5663","21591","76",""
"5663","21592","76",""
"5663","21593","78",""
"5663","21594","79",""
"5663","21595","79",""
"5663","40541","80",""
"5663","21596","81",""
"5663","21597","82",""
"5663","21598","83",""
"5663","21599","83",""
"5663","21600","84",""
"5663","21601","84",""
"5663","21602","85",""
"5663","21603","86",""
"5663","21604","86",""
"5663","21605","90",""
"5663","21606","94",""
"5663","21607","95",""
"5663","21608","97",""
"5663","21609","100",""
"5663","21610","101",""
"5663","21611","101",""
"5663","21612","103",""
"5663","21613","104",""
"5663","21614","105",""
"5663","21615","106",""
"5663","21616","108",""
"5663","21617","109",""
"5663","21494","52",""
"5663","21495","53",""
"5663","21496","54",""
"5663","21497","55",""
"5663","21498","56",""
"5663","21499","57",""
"5663","21500","58",""
"5663","21501","4",""
"5663","21502","5",""
"5663","21503","13",""
"5663","21504","13",""
"5663","21505","14",""
"5663","21506","15",""
"5663","21507","15",""
"5663","21508","16",""
"5663","21509","16",""
"5663","21510","17",""
"5663","21511","18",""
"5663","40540","18",""
"5663","21512","19",""
"5663","21513","20",""
"5663","21514","21",""
"5663","21515","22",""
"5663","21516","23",""
"5663","21517","24",""
"5663","21518","25",""
"5663","21519","25",""
"5663","21520","26",""
"5663","21521","27",""
"5663","21522","28",""
"5663","21523","29",""
"5663","21524","29",""
"5663","21525","30",""
"5663","21526","31",""
"5663","21527","33",""
"5663","21528","36",""
"5663","21529","36",""
"5663","39619","37",""
"5663","21530","37",""
"5663","21531","38",""
"5663","21535","39",""
"5663","21536","39",""
"5663","21537","40",""
"5663","21538","40",""
"5663","21539","41",""
"5663","21540","41",""
"5663","21541","42",""
"5663","21542","42",""
"5663","21543","43",""
"5663","21544","43",""
"5663","21545","44",""
"5663","21546","46",""
"5663","21547","46",""
"5663","21548","47",""
"5663","21549","47",""
"5663","21550","48",""
"5663","21551","48",""
"5663","21552","49",""
"5663","21553","49",""
"5663","21554","50",""
"127","12451","18",""
"127","12452","18",""
"127","12453","20",""
"127","12454","21",""
"127","12455","23",""
"127","12456","23",""
"127","12457","24",""
"127","12458","25",""
"127","12459","26",""
"127","12460","27",""
"127","12461","28",""
"127","12462","28",""
"127","12463","30",""
"127","12464","30",""
"127","12465","31",""
"127","12466","32",""
"127","12467","33",""
"127","12468","34",""
"127","12469","34",""
"127","12470","35",""
"127","12471","36",""
"127","12472","36",""
"127","12473","37",""
"127","12474","39",""
"127","12475","40",""
"127","12476","40",""
"127","12477","41",""
"127","12478","42",""
"127","12479","42",""
"127","12480","42",""
"127","12481","43",""
"127","12482","45",""
"127","12483","45",""
"127","12484","46",""
"127","12485","46",""
"127","12486","47",""
"127","12487","47",""
"127","12488","48",""
"127","12489","48",""
"127","12490","49",""
"127","12491","50",""
"127","12492","50",""
"127","12493","1",""
"127","12494","2",""
"127","12495","3",""
"127","12496","4",""
"127","12497","5",""
"127","12498","5",""
"127","12499","6",""
"127","12500","7",""
"127","12501","7",""
"127","12502","8",""
"127","12503","10",""
"127","12504","12",""
"127","12505","13",""
"127","12506","14",""
"127","12507","14",""
"127","12508","15",""
"127","12509","15",""
"127","12510","16",""
"127","12511","16",""
"127","12512","18",""
"127","12513","18",""
"127","12514","18",""
"127","12515","19",""
"127","12516","20",""
"127","12517","20",""
"127","12518","21",""
"127","12519","22",""
"127","12520","23",""
"127","12521","23",""
"127","12522","24",""
"127","12523","24",""
"127","12524","24",""
"127","12525","25",""
"127","12526","26",""
"127","12527","26",""
"127","12528","27",""
"127","12529","27",""
"127","12530","29",""
"127","12531","30",""
"127","12532","30",""
"127","12533","31",""
"127","12534","32",""
"127","12535","32",""
"127","12536","34",""
"127","12537","35",""
"128","19482","57",""
"128","19483","58",""
"128","19484","60",""
"128","19485","61",""
"128","19486","63",""
"128","19487","63",""
"128","19488","64",""
"128","19489","65",""
"128","19490","66",""
"128","19491","66",""
"128","19492","68",""
"128","19493","68",""
"128","19494","70",""
"128","19495","70",""
"128","19496","71",""
"128","19497","71",""
"128","19498","72",""
"128","19499","73",""
"128","19500","73",""
"128","19501","75",""
"128","19502","75",""
"128","19503","76",""
"128","19504","76",""
"128","19505","78",""
"128","19506","78",""
"128","19507","79",""
"128","19508","80",""
"128","19509","80",""
"128","19510","81",""
"128","19511","81",""
"128","19512","82",""
"128","19513","83",""
"128","19514","83",""
"128","19515","83",""
"128","19516","84",""
"128","19517","85",""
"128","19518","85",""
"128","19519","86",""
"128","19520","86",""
"128","19521","87",""
"128","19522","87",""
"128","19523","87",""
"128","19524","88",""
"128","19525","89",""
"128","19526","90",""
"128","19527","91",""
"128","19528","91",""
"128","19529","92",""
"128","19530","92",""
"128","19531","93",""
"128","19532","93",""
"128","19533","94",""
"128","19534","95",""
"128","19535","97",""
"128","19536","98",""
"128","19537","99",""
"128","19538","100",""
"128","19539","100",""
"128","19540","101",""
"128","19541","101",""
"128","19542","102",""
"128","19543","102",""
"128","19544","102",""
"128","19545","103",""
"128","19546","104",""
"128","19547","104",""
"128","19548","105",""
"128","19549","106",""
"128","19550","106",""
"482","32451","79",""
"482","32452","79",""
"482","32453","80",""
"482","32454","80",""
"482","32455","82",""
"482","1160","84",""
"482","32456","86",""
"482","32457","89",""
"482","32458","92",""
"482","32459","95",""
"482","32460","97",""
"482","32461","100",""
"482","32462","103",""
"482","32463","106",""
"482","32464","108",""
"482","32465","109",""
"482","32466","110",""
"482","32467","110",""
"482","32468","111",""
"482","32469","111",""
"482","32470","113",""
"482","32471","114",""
"482","32472","115",""
"482","32473","116",""
"482","32474","117",""
"482","32475","118",""
"482","32476","119",""
"482","32477","120",""
"482","32478","121",""
"482","32479","121",""
"482","32480","121",""
"482","32481","122",""
"482","32482","123",""
"482","32483","123",""
"482","32484","124",""
"482","32485","124",""
"482","32486","125",""
"482","32487","125",""
"482","32488","127",""
"482","32489","127",""
"482","32490","128",""
"482","32491","128",""
"482","32492","129",""
"482","32493","129",""
"482","32494","129",""
"482","32495","130",""
"482","32406","18",""
"482","32407","19",""
"482","32408","20",""
"482","32409","21",""
"482","32410","22",""
"482","32411","22",""
"482","32412","23",""
"482","32413","23",""
"482","32414","24",""
"482","32415","26",""
"482","32416","26",""
"482","32417","27",""
"482","32418","28",""
"482","32419","30",""
"482","32420","30",""
"482","32421","31",""
"482","32422","33",""
"482","32423","33",""
"482","32424","34",""
"482","32425","36",""
"482","32426","37",""
"482","32427","38",""
"482","32428","39",""
"482","32429","39",""
"482","32430","41",""
"482","32431","42",""
"482","32432","43",""
"482","32433","44",""
"482","32434","45",""
"482","32435","45",""
"482","32436","47",""
"482","32437","50",""
"482","32438","52",""
"482","32439","55",""
"482","32440","57",""
"482","32441","60",""
"482","32442","62",""
"482","32443","64",""
"482","32444","66",""
"482","32445","69",""
"482","32446","70",""
"482","32447","70",""
"482","32448","71",""
"482","32449","73",""
"482","32450","75",""
"157","33087","8",""
"157","33088","8",""
"157","33089","9",""
"157","33090","10",""
"157","33091","10",""
"157","33092","11",""
"157","33093","12",""
"157","33094","13",""
"157","33095","14",""
"157","33096","15",""
"157","33097","16",""
"157","33098","17",""
"157","33099","19",""
"157","33100","20",""
"157","33101","22",""
"157","39649","22",""
"157","33102","23",""
"157","33103","23",""
"157","33104","25",""
"157","33105","25",""
"157","33106","26",""
"157","33107","26",""
"157","33108","28",""
"157","33109","29",""
"157","33110","33",""
"157","33111","34",""
"157","33112","36",""
"157","33113","39",""
"157","33114","1",""
"157","33115","3",""
"157","33116","3",""
"157","33117","5",""
"157","33118","6",""
"157","33119","10",""
"157","33120","11",""
"157","33121","13",""
"157","33122","16",""
"157","33123","17",""
"157","33124","18",""
"157","33125","19",""
"157","33126","20",""
"157","33127","22",""
"157","33128","24",""
"157","33129","26",""
"157","33130","28",""
"157","33131","30",""
"157","33132","32",""
"157","33133","35",""
"157","33134","36",""
"157","33135","40",""
"157","33136","41",""
"157","2249","42",""
"157","33137","43",""
"157","33138","43",""
"157","33139","45",""
"157","33140","46",""
"157","33141","48",""
"157","33142","49",""
"157","33143","51",""
"157","33144","51",""
"157","33145","53",""
"157","33146","54",""
"157","33147","55",""
"157","33148","56",""
"157","33149","2",""
"157","33150","3",""
"157","33151","4",""
"157","33152","5",""
"157","33153","6",""
"157","33154","7",""
"157","33155","9",""
"157","33156","9",""
"157","33157","10",""
"157","33158","13",""
"157","33159","2",""
"157","33160","3",""
"157","33161","4",""
"157","33162","5",""
"157","33163","6",""
"157","33164","6",""
"157","33165","7",""
"5410","33455","18",""
"5410","33456","19",""
"5410","33457","19",""
"5410","33458","21",""
"5410","33459","22",""
"5410","33460","23",""
"5410","33461","25",""
"5410","33462","27",""
"5410","33463","28",""
"5410","33464","30",""
"5410","33465","31",""
"5410","33466","33",""
"5410","33467","33",""
"5410","33468","34",""
"5410","33469","34",""
"5410","33470","35",""
"5410","33471","35",""
"5410","33472","36",""
"5410","33473","37",""
"5410","33474","38",""
"5410","38976","38",""
"5410","33475","39",""
"5410","1372","39",""
"5410","1373","39",""
"5410","1374","40",""
"5410","1375","40",""
"5410","1376","41",""
"5410","1377","41",""
"5410","1378","42",""
"5410","1379","43",""
"5410","1380","44",""
"5410","1381","45",""
"5410","1382","45",""
"5410","1383","46",""
"5410","38981","46",""
"5410","1384","46",""
"5410","38978","47",""
"5410","33476","47",""
"5410","33477","47",""
"5410","33478","48",""
"5410","33479","49",""
"5410","33480","49",""
"5410","33481","50",""
"5410","33482","50",""
"5410","33483","52",""
"5410","55858","53",""
"5410","33484","54",""
"5410","33485","54",""
"5410","33486","55",""
"5410","33487","56",""
"5410","33488","57",""
"5410","33489","58",""
"5410","33491","59",""
"5410","33492","60",""
"5410","33493","61",""
"5410","33494","62",""
"5410","33495","63",""
"5410","33496","64",""
"5410","33497","67",""
"5410","33498","70",""
"5410","33499","71",""
"5410","33500","73",""
"5410","33501","74",""
"5410","33502","75",""
"5410","33503","77",""
"5410","33504","80",""
"5410","33505","80",""
"5410","33506","83",""
"5410","33507","85",""
"5410","33508","86",""
"5410","33509","88",""
"5410","33510","89",""
"5410","33511","90",""
"5410","33512","91",""
"5410","33515","93",""
"5410","33516","94",""
"5410","33517","96",""
"5410","33518","96",""
"5410","33519","97",""
"5410","55859","97",""
"5410","33520","99",""
"5410","33521","100",""
"5410","33522","100",""
"5410","33523","100",""
"5410","33524","101",""
"5410","33525","102",""
"5410","33526","103",""
"5410","33527","103",""
"5410","38979","104",""
"5410","1385","104",""
"5410","1386","105",""
"5410","1387","105",""
"5410","1388","106",""
"5410","1389","106",""
"5410","1390","107",""
"5410","1391","108",""
"5410","1394","108",""
"5410","1395","109",""
"5410","1396","110",""
"5410","1397","110",""
"5410","1398","111",""
"5410","1399","111",""
"5410","38982","112",""
"5410","33528","112",""
"5410","38977","112",""
"5410","33529","113",""
"5410","33530","113",""
"5410","33531","114",""
"5410","33532","114",""
"5410","33533","115",""
"5410","33534","116",""
"5410","33535","116",""
"5410","33536","117",""
"5410","33537","117",""
"5410","33538","119",""
"5410","33539","120",""
"5410","33540","121",""
"5410","33541","122",""
"5410","33542","124",""
"5410","33543","125",""
"5410","33544","127",""
"5410","33545","127",""
"5410","33546","129",""
"5410","33547","130",""
"5215","33601","105",""
"5215","33602","107",""
"5215","33603","108",""
"5215","33604","110",""
"5215","33605","111",""
"5215","33606","112",""
"5215","33607","114",""
"5215","33608","114",""
"5215","33609","115",""
"5215","34433","122",""
"5215","45949","122",""
"5215","34434","122",""
"5215","34435","124",""
"5215","3567","126",""
"5215","34436","127",""
"5215","33610","128",""
"5215","34437","132",""
"5215","34438","134",""
"5215","34439","134",""
"5215","34440","134",""
"5215","34441","135",""
"5215","34442","137",""
"5215","34443","138",""
"5215","34444","138",""
"5215","34445","140",""
"5215","34446","141",""
"5215","34447","142",""
"5215","33611","143",""
"5215","33612","145",""
"5215","33613","147",""
"5215","33614","150",""
"5215","33615","151",""
"5215","33616","152",""
"5215","33617","152",""
"5215","33618","153",""
"5215","33619","153",""
"5215","33620","154",""
"5215","33621","154",""
"5215","33559","53",""
"5215","33560","53",""
"5215","33561","53",""
"5215","33562","54",""
"5215","33563","54",""
"5215","33564","55",""
"5215","33565","56",""
"5215","33566","56",""
"5215","33567","59",""
"5215","34431","60",""
"5215","33568","61",""
"5215","33569","63",""
"5215","33570","64",""
"5215","33571","66",""
"5215","33572","66",""
"5215","33573","67",""
"5215","33574","68",""
"5215","33575","69",""
"5215","33576","71",""
"5215","33577","71",""
"5215","33578","71",""
"5215","33579","72",""
"5215","33580","72",""
"5215","33581","73",""
"5215","34432","75",""
"5215","33582","77",""
"5215","33583","80",""
"5215","3566","81",""
"5215","33584","83",""
"5215","33585","85",""
"5215","45948","86",""
"5215","33586","86",""
"5215","33587","88",""
"5215","33588","91",""
"5215","33589","93",""
"5215","33590","94",""
"5215","33591","94",""
"5215","33592","96",""
"5215","33593","97",""
"5215","33594","98",""
"5215","33595","99",""
"5215","33596","100",""
"5215","33597","100",""
"5215","33598","101",""
"5215","33599","104",""
"5215","33600","104",""
"485","33783","64",""
"485","33784","65",""
"485","33785","66",""
"485","33787","67",""
"485","33788","67",""
"485","33789","68",""
"485","33790","70",""
"485","33791","72",""
"485","33793","75",""
"485","33794","76",""
"485","33796","78",""
"485","33797","79",""
"485","33798","80",""
"485","33799","82",""
"485","33800","82",""
"485","33801","84",""
"485","33802","84",""
"485","33803","86",""
"485","33804","86",""
"485","33805","88",""
"485","33806","89",""
"485","33807","89",""
"485","33808","90",""
"485","33809","90",""
"485","33810","91",""
"485","33811","91",""
"485","33812","92",""
"485","33813","93",""
"485","33814","93",""
"485","33815","94",""
"485","3659","95",""
"485","33816","96",""
"485","33817","100",""
"485","33818","104",""
"485","33819","105",""
"485","33820","106",""
"485","1855","107",""
"485","33821","109",""
"485","33822","109",""
"485","33823","110",""
"485","33824","111",""
"485","33825","112",""
"485","33826","114",""
"485","33827","114",""
"485","33828","115",""
"485","1856","117",""
"485","33829","117",""
"485","33830","117",""
"485","33831","119",""
"485","33832","119",""
"485","33833","120",""
"485","33834","121",""
"485","33835","122",""
"485","33836","124",""
"485","33837","125",""
"485","33838","126",""
"485","33839","127",""
"485","33840","129",""
"485","33841","130",""
"485","33722","8",""
"485","33723","8",""
"485","33724","10",""
"485","33725","12",""
"485","33726","12",""
"485","33727","13",""
"485","33728","15",""
"485","33729","16",""
"485","33730","17",""
"485","33731","18",""
"485","33732","3",""
"485","33733","4",""
"485","1854","5",""
"485","33734","1",""
"485","33735","2",""
"485","33736","2",""
"485","33737","3",""
"485","33738","4",""
"485","33739","5",""
"485","33740","6",""
"485","33741","7",""
"485","33742","7",""
"485","33743","9",""
"485","33744","10",""
"485","33745","12",""
"485","33746","13",""
"485","33747","14",""
"485","33748","18",""
"485","3658","19",""
"485","33749","20",""
"485","33750","22",""
"485","33751","25",""
"485","33752","26",""
"485","33753","28",""
"485","33754","29",""
"485","33755","30",""
"485","33756","31",""
"485","33757","32",""
"485","33758","33",""
"485","33759","35",""
"485","33760","35",""
"485","33761","36",""
"485","33762","37",""
"485","33763","38",""
"485","33764","40",""
"485","33765","42",""
"485","33766","43",""
"485","33767","44",""
"485","33768","45",""
"485","33770","47",""
"485","33771","48",""
"485","33773","50",""
"485","33774","54",""
"485","33775","55",""
"485","33776","55",""
"485","2248","56",""
"485","33777","58",""
"485","33778","59",""
"485","33779","60",""
"485","33780","61",""
"485","33781","62",""
"485","33782","63",""
"436","39386","0",""
"436","39388","6",""
"436","39390","8",""
"436","33250","8",""
"436","33251","9",""
"436","33252","10",""
"436","33253","11",""
"436","33254","13",""
"436","33255","13",""
"436","33256","15",""
"436","33257","16",""
"436","33258","17",""
"436","33259","18",""
"436","33260","19",""
"436","33261","20",""
"436","33262","21",""
"436","33263","22",""
"436","33264","24",""
"436","33265","24",""
"436","33266","26",""
"436","33267","26",""
"436","33268","27",""
"436","33269","28",""
"436","33270","29",""
"436","33271","30",""
"436","33272","32",""
"436","33273","36",""
"436","33274","37",""
"436","33275","38",""
"436","33276","40",""
"436","33277","42",""
"436","33278","43",""
"436","33279","45",""
"436","33280","48",""
"436","33281","49",""
"436","33282","51",""
"436","33283","55",""
"436","33284","58",""
"436","33285","59",""
"436","33286","60",""
"436","33287","60",""
"436","33288","61",""
"436","33289","61",""
"436","33290","63",""
"436","33291","65",""
"436","33292","66",""
"436","33293","66",""
"436","33294","68",""
"436","33295","68",""
"436","33296","70",""
"436","33297","71",""
"436","33298","72",""
"436","33299","73",""
"436","33300","74",""
"436","33301","76",""
"436","33302","77",""
"436","33303","78",""
"436","39392","78",""
"436","39391","79",""
"436","39389","81",""
"436","39387","81",""
"438","33385","23",""
"438","33386","23",""
"438","33387","24",""
"438","33388","24",""
"438","33389","25",""
"438","33390","26",""
"438","33391","27",""
"438","33392","30",""
"438","33393","31",""
"438","33394","32",""
"438","33395","32",""
"438","33396","33",""
"438","33397","34",""
"438","33398","35",""
"438","33399","35",""
"438","33400","36",""
"438","33401","37",""
"438","33402","38",""
"438","33403","40",""
"438","33404","41",""
"438","33405","42",""
"438","33406","43",""
"438","33407","46",""
"438","33408","50",""
"438","33409","50",""
"438","33410","51",""
"438","33411","52",""
"438","33412","56",""
"438","33413","56",""
"438","33414","57",""
"438","33415","58",""
"438","33416","61",""
"438","33417","62",""
"438","33418","63",""
"438","33419","65",""
"438","33420","67",""
"438","33421","69",""
"438","33422","73",""
"438","33423","75",""
"438","33424","78",""
"438","33425","78",""
"438","33426","80",""
"438","33427","81",""
"438","33428","82",""
"438","33429","83",""
"438","33430","85",""
"438","33431","86",""
"438","33432","86",""
"438","33433","87",""
"438","33434","88",""
"438","33435","89",""
"438","33436","89",""
"438","33437","91",""
"438","33438","93",""
"438","33439","95",""
"438","33440","96",""
"438","33441","96",""
"438","33442","97",""
"438","33443","98",""
"438","33444","98",""
"413","14001","-1","未發車"
"413","14002","-1","未發車"
"413","14003","-1","未發車"
"413","14004","-1","未發車"
"413","2383","-1","未發車"
"413","14005","-1","未發車"
"413","14006","-1","未發車"
"413","14007","-1","未發車"
"413","14008","-1","未發車"
"413","14009","-1","未發車"
"413","14010","-1","未發車"
"413","14011","-1","未發車"
"413","14012","-1","未發車"
"413","14013","-1","未發車"
"413","14014","1",""
"413","14015","1",""
"413","14016","2",""
"413","14017","2",""
"413","14018","3",""
"413","14019","4",""
"413","14020","6",""
"413","14021","6",""
"413","14022","8",""
"413","14023","8",""
"413","14024","9",""
"413","14025","9",""
"413","14026","10",""
"413","14027","1",""
"413","14028","2",""
"413","14029","3",""
"413","14030","6",""
"413","14031","7",""
"413","14032","9",""
"413","14033","9",""
"413","14034","10",""
"413","14035","1",""
"413","14036","3",""
"413","14037","4",""
"413","14038","5",""
"413","14039","6",""
"413","1547","6",""
"413","14040","7",""
"413","14041","8",""
"413","14042","9",""
"413","14043","10",""
"413","14044","2",""
"413","14045","3",""
"413","14046","3",""
"413","14047","4",""
"413","14048","5",""
"413","14049","5",""
"413","14050","5",""
"413","14051","6",""
"413","14052","7",""
"413","14053","7",""
"413","14054","8",""
"413","14055","9",""
"413","14056","9",""
"413","14057","1",""
"413","14058","2",""
"413","14059","3",""
"413","14060","4",""
"413","14061","6",""
"413","14062","7",""
"413","14063","7",""
"413","14064","8",""
"413","14065","9",""
"413","14066","9",""
"413","14067","2",""
"413","14068","3",""
"413","14069","4",""
"413","14070","5",""
"413","14071","6",""
"413","14072","7",""
"413","14073","7",""
"413","14074","8",""
"413","14075","8",""
"413","14076","1",""
"413","14077","2",""
"413","14078","3",""
"413","14079","4",""
"413","14080","5",""
"413","14081","8",""
"413","14082","10",""
"413","14083","13",""
"413","14084","2",""
"413","14085","2",""
"413","14086","3",""
"413","14087","3",""
"413","14088","4",""
"413","14089","5",""
"413","14090","6",""
"413","14091","7",""
"413","14092","8",""
"413","14093","9",""
"413","14094","10",""
"413","4138","10",""
"413","14095","11",""
"413","14096","12",""
"413","1541","13",""
"413","1542","14",""
"413","14097","16",""
"413","50576","1",""
"413","1548","5",""
"413","14100","6",""
"413","14101","6",""
"413","14102","7",""
"413","14103","7",""
"413","14104","9",""
"413","14105","10",""
"413","14106","11",""
"413","14107","12",""
"413","14108","14",""
"413","14109","15",""
"413","14110","16",""
"413","14111","16",""
"413","14112","16",""
"413","14113","17",""
"413","14114","18",""
"413","14115","19",""
"413","14116","19",""
"413","14117","21",""
"413","14118","21",""
"413","14119","21",""
"413","14120","22",""
"413","14121","23",""
"413","14122","24",""
"413","14123","26",""
"413","14124","27",""
"413","14125","27",""
"413","14126","28",""
"413","14127","28",""
"413","14128","29",""
"413","14129","30",""
"413","14130","33",""
"413","14131","34",""
"413","14132","35",""
"413","14133","37",""
"413","14134","37",""
"413","14135","40",""
"413","14136","41",""
"413","4139","42",""
"413","14137","43",""
"413","14138","43",""
"413","14139","44",""
"413","14140","44",""
"413","14141","45",""
"413","14142","46",""
"413","14143","47",""
"413","2384","47",""
"413","14144","47",""
"413","14145","48",""
"413","14146","49",""
"413","14147","51",""
"413","14148","52",""
"413","14149","53",""
"413","14150","53",""
"413","14151","54",""
"413","14152","54",""
"413","14153","55",""
"413","14154","55",""
"413","14155","56",""
"413","14156","56",""
"413","14157","57",""
"413","14158","57",""
"413","2385","58",""
"413","14159","59",""
"9056","34570","18",""
"9056","34571","18",""
"9056","34572","19",""
"9056","34573","20",""
"9056","34574","21",""
"9056","34575","21",""
"9056","34576","22",""
"9056","34577","23",""
"9056","34578","24",""
"9056","34579","24",""
"9056","34580","25",""
"9056","34581","25",""
"9056","34582","26",""
"9056","34583","26",""
"9056","34584","27",""
"9056","34585","27",""
"9056","34586","28",""
"9056","34587","31",""
"9056","34588","31",""
"9056","34589","32",""
"9056","34590","34",""
"9056","34591","35",""
"9056","34592","35",""
"9056","34593","36",""
"9056","34594","36",""
"9056","34595","37",""
"9056","34596","37",""
"111","35982","37",""
"111","35983","39",""
"111","35984","42",""
"111","35985","42",""
"111","35986","44",""
"111","35987","45",""
"111","35988","46",""
"111","35989","48",""
"111","35990","48",""
"111","35991","50",""
"111","35992","51",""
"111","35993","53",""
"111","35994","54",""
"111","35995","56",""
"111","35996","57",""
"111","35997","61",""
"111","35998","62",""
"111","35999","64",""
"111","36000","65",""
"111","36001","66",""
"111","36002","67",""
"111","36003","69",""
"111","36004","70",""
"111","36005","73",""
"111","36006","75",""
"111","36007","76",""
"111","36008","78",""
"111","36009","78",""
"111","36010","79",""
"111","36011","80",""
"111","36012","80",""
"111","36013","81",""
"111","36014","84",""
"111","36015","88",""
"111","36016","89",""
"111","36017","90",""
"111","36018","90",""
"111","36019","92",""
"111","36020","95",""
"111","36021","98",""
"111","36022","99",""
"111","36023","101",""
"111","36024","101",""
"111","36025","103",""
"111","36026","104",""
"111","36027","106",""
"111","36028","107",""
