"RouteID","StationId","EstimateTime","Memo"
"113","4002","38",""
"113","4003","39",""
"113","4004","41",""
"113","4005","42",""
"113","4006","43",""
"113","4007","45",""
"113","4008","46",""
"113","4009","48",""
"113","4010","49",""
"113","4011","50",""
"113","4012","50",""
"113","4013","51",""
"113","4014","52",""
"113","4015","53",""
"113","4016","53",""
"113","4017","54",""
"113","4018","54",""
"113","4019","55",""
"113","4020","56",""
"113","4021","57",""
"113","4022","59",""
"113","4023","59",""
"113","4024","60",""
"113","4025","61",""
"113","4026","61",""
"113","4027","62",""
"113","4028","63",""
"113","4029","64",""
"113","4030","65",""
"113","4031","66",""
"113","38997","66",""
"113","4032","68",""
"113","4033","69",""
"113","4034","69",""
"113","4035","71",""
"113","4036","72",""
"113","4037","73",""
"113","4038","76",""
"113","4039","76",""
"113","4040","77",""
"113","4041","78",""
"113","4042","79",""
"113","4043","80",""
"113","4044","81",""
"113","4045","82",""
"113","4046","83",""
"113","4047","84",""
"113","39650","85",""
"113","4048","86",""
"113","4049","87",""
"113","4050","88",""
"113","4051","91",""
"113","4052","92",""
"113","4053","93",""
"113","4054","96",""
"113","4055","98",""
"113","4082","103",""
"113","4083","104",""
"113","4084","105",""
"113","4085","107",""
"113","4086","108",""
"113","4087","109",""
"113","4088","110",""
"113","4089","111",""
"113","4090","113",""
"113","4091","113",""
"113","4092","115",""
"113","4093","115",""
"113","4094","115",""
"113","4095","117",""
"113","4096","117",""
"113","4097","118",""
"113","4098","119",""
"113","4099","120",""
"113","4100","122",""
"113","4101","122",""
"113","4102","123",""
"113","4103","124",""
"113","4104","125",""
"113","38998","126",""
"113","4106","127",""
"113","4107","128",""
"113","4108","129",""
"113","4109","130",""
"113","4110","132",""
"113","4111","132",""
"113","4112","132",""
"113","4113","133",""
"113","4114","133",""
"113","4115","134",""
"113","4116","135",""
"113","4117","137",""
"113","4118","138",""
"113","4119","139",""
"113","4120","140",""
"113","4121","141",""
"113","4122","143",""
"113","4124","144",""
"113","4125","147",""
"113","4126","149",""
"113","4127","152",""
"113","4128","153",""
"113","4129","155",""
"113","4130","156",""
"113","4131","157",""
"113","4132","158",""
"113","4133","160",""
"113","4134","161",""
"113","4135","162",""
"131","41314","250",""
"131","0397","250",""
"131","0398","250",""
"131","0399","250",""
"131","0400","250",""
"131","0401","250",""
"131","0402","250",""
"131","0403","250",""
"131","42276","250",""
"131","0404","250",""
"131","0405","250",""
"131","0406","250",""
"131","0407","250",""
"131","0408","250",""
"131","0409","250",""
"131","0410","250",""
"131","0411","250",""
"131","0412","250",""
"131","0413","250",""
"131","0414","2",""
"131","0415","3",""
"131","0416","5",""
"131","0417","6",""
"131","0418","8",""
"131","0419","8",""
"131","0420","9",""
"131","42274","227",""
"131","0372","232",""
"131","0373","232",""
"131","0374","233",""
"131","0375","233",""
"131","0376","235",""
"131","0377","238",""
"131","0378","239",""
"131","0379","241",""
"131","0380","242",""
"131","0381","244",""
"131","0382","245",""
"131","0383","246",""
"131","0384","248",""
"131","0385","248",""
"131","0386","249",""
"131","0387","250",""
"131","0388","250",""
"131","42275","250",""
"131","0389","250",""
"131","0390","250",""
"131","0391","250",""
"131","0392","250",""
"131","0393","250",""
"131","0394","250",""
"131","0395","250",""
"131","41313","250",""
"131","0396","250",""
"141","6622","38",""
"141","6626","41",""
"141","6627","42",""
"141","6628","44",""
"141","6629","44",""
"141","6630","46",""
"141","6631","47",""
"141","6632","48",""
"141","6633","49",""
"141","6634","50",""
"141","6635","50",""
"141","6636","50",""
"141","6637","51",""
"141","6639","52",""
"141","0018","54",""
"141","6640","55",""
"141","6641","55",""
"141","6642","56",""
"141","6643","56",""
"141","6644","57",""
"141","6645","61",""
"141","6646","62",""
"141","6647","63",""
"141","6648","66",""
"141","6649","67",""
"141","6650","68",""
"141","6651","68",""
"141","6652","69",""
"141","0289","8",""
"141","6602","15",""
"141","6603","16",""
"141","6604","17",""
"141","6605","17",""
"141","6606","18",""
"141","0017","18",""
"141","6607","19",""
"141","6608","20",""
"141","6609","21",""
"141","6610","21",""
"141","6611","21",""
"141","6612","22",""
"141","6613","23",""
"141","6614","23",""
"141","6615","25",""
"141","6616","26",""
"141","6617","27",""
"141","6618","30",""
"141","6619","30",""
"141","6620","35",""
"141","6621","35",""
"1112","10201","8",""
"1112","10202","9",""
"1112","10203","10",""
"1112","10204","10",""
"1112","10205","11",""
"1112","10206","12",""
"1112","10207","12",""
"1112","10208","12",""
"1112","10209","13",""
"1112","10210","13",""
"1112","10211","14",""
"1112","10212","15",""
"1112","10213","15",""
"1112","10214","15",""
"1112","10215","17",""
"1112","10216","18",""
"1112","10217","19",""
"1112","10218","20",""
"1112","10219","22",""
"1112","10220","22",""
"1112","10221","23",""
"1112","10222","24",""
"1112","10223","25",""
"1112","10224","26",""
"1112","10226","27",""
"1112","10225","28",""
"1112","10227","30",""
"1112","10228","31",""
"1112","10229","32",""
"1112","10230","34",""
"1112","10231","35",""
"1112","10232","38",""
"1112","10233","39",""
"1112","10234","42",""
"1112","10235","43",""
"1112","10236","45",""
"1112","10237","45",""
"1112","10238","45",""
"1112","10239","47",""
"1112","10240","47",""
"1112","10241","47",""
"1112","10242","48",""
"1112","10243","48",""
"1112","10244","49",""
"1112","10245","49",""
"1112","40122","50",""
"1112","10247","52",""
"1112","10248","52",""
"211","1422","-1","未發車"
"211","1423","-1","未發車"
"211","1424","-1","未發車"
"211","1425","-1","未發車"
"211","1426","-1","未發車"
"211","1427","-1","未發車"
"211","1428","-1","未發車"
"211","1429","1",""
"211","1430","2",""
"211","1431","3",""
"211","1432","4",""
"211","1433","6",""
"211","1434","6",""
"211","1435","8",""
"211","1436","9",""
"211","1437","10",""
"211","1438","12",""
"211","1439","13",""
"211","1440","14",""
"211","1442","15",""
"211","1443","17",""
"211","1444","17",""
"211","1445","19",""
"211","1446","20",""
"211","1447","21",""
"211","1448","22",""
"211","1449","23",""
"211","1450","23",""
"211","1451","25",""
"211","1452","2",""
"211","1453","5",""
"211","1454","6",""
"211","1455","6",""
"211","1456","8",""
"211","1457","9",""
"211","1458","9",""
"211","1459","10",""
"211","1460","11",""
"211","1461","11",""
"211","1462","12",""
"211","1463","13",""
"211","1464","14",""
"211","1465","16",""
"211","1466","18",""
"211","1467","19",""
"211","1468","20",""
"211","1469","22",""
"211","1470","23",""
"211","1471","2",""
"211","1472","5",""
"211","1473","6",""
"211","1474","6",""
"211","1475","8",""
"211","1476","12",""
"211","1477","13",""
"211","1478","18",""
"211","1479","20",""
"211","1480","3",""
"211","50575","3",""
"211","50574","4",""
"211","1483","12",""
"211","1484","13",""
"211","1485","14",""
"211","1486","16",""
"211","1487","17",""
"211","1488","19",""
"211","1489","19",""
"211","1490","21",""
"211","1491","2",""
"211","1492","5",""
"211","1493","5",""
"211","1494","6",""
"211","1495","7",""
"211","1496","8",""
"211","1497","9",""
"211","1498","10",""
"211","1499","11",""
"211","1500","11",""
"211","1501","12",""
"211","1502","12",""
"211","39067","13",""
"211","1503","16",""
"211","1504","16",""
"211","1505","17",""
"211","1506","19",""
"211","1507","20",""
"211","1508","22",""
"211","1509","23",""
"211","1510","24",""
"211","1511","25",""
"211","1512","26",""
"211","1513","27",""
"211","1514","29",""
"211","1515","1",""
"211","1516","2",""
"211","1517","4",""
"211","1518","4",""
"211","1519","5",""
"211","1520","6",""
"211","1521","8",""
"211","1522","8",""
"211","1523","10",""
"211","1524","11",""
"211","1525","12",""
"211","1526","13",""
"211","1527","14",""
"211","1528","15",""
"211","1529","16",""
"211","1530","17",""
"211","1531","17",""
"211","1532","19",""
"211","1533","20",""
"211","1534","21",""
"211","1535","1",""
"211","1537","4",""
"211","1538","4",""
"5312","7451","-1","未發車"
"5312","7452","-1","未發車"
"5312","7453","-1","未發車"
"5312","7454","-1","未發車"
"5312","7455","-1","未發車"
"5312","7456","-1","未發車"
"5312","7457","-1","未發車"
"5312","7458","-1","未發車"
"5312","7459","-1","未發車"
"5312","7460","-1","未發車"
"5312","7461","-1","未發車"
"5312","7462","-1","未發車"
"5312","7463","2",""
"5312","7464","4",""
"5312","7465","5",""
"5312","7466","8",""
"5312","7467","8",""
"5312","7468","9",""
"5312","7469","11",""
"5312","7470","13",""
"5312","7471","15",""
"5312","7472","16",""
"5312","7473","18",""
"5312","7474","19",""
"5312","7475","22",""
"5312","7476","3",""
"5312","7477","5",""
"5312","7478","6",""
"5312","7479","7",""
"5312","7480","8",""
"5312","7481","9",""
"5312","7482","10",""
"5312","7483","11",""
"5312","7484","11",""
"5312","7485","12",""
"5312","7486","13",""
"5312","7487","16",""
"5230","2181","-1","未發車"
"5230","2182","-1","未發車"
"5230","3485","-1","未發車"
"5230","2183","-1","未發車"
"5230","2184","-1","未發車"
"5230","42388","-1","未發車"
"5230","2185","-1","未發車"
"5230","2186","-1","未發車"
"5230","40510","-1","未發車"
"5230","2187","-1","未發車"
"5230","2188","-1","未發車"
"5230","2189","-1","未發車"
"5230","2190","-1","未發車"
"5230","2191","-1","未發車"
"5230","2192","-1","未發車"
"5230","2193","-1","未發車"
"5230","2194","-1","未發車"
"5230","2195","-1","未發車"
"5230","2196","-1","未發車"
"5230","2197","-1","未發車"
"5230","2198","-1","未發車"
"5230","2199","-1","未發車"
"5230","2200","-1","未發車"
"5230","2201","-1","未發車"
"5230","2202","-1","未發車"
"5230","2203","-1","未發車"
"5230","2204","-1","未發車"
"5230","2205","-1","未發車"
"5230","2206","2",""
"5230","2207","5",""
"5230","2208","6",""
"5230","2209","6",""
"5230","2210","7",""
"5230","2211","7",""
"5230","2212","8",""
"5230","2213","8",""
"5230","2214","9",""
"5230","2215","10",""
"5230","2216","11",""
"5230","2217","12",""
"5230","2218","12",""
"5230","2219","13",""
"5230","2220","14",""
"5230","2221","16",""
"5230","40511","17",""
"5230","2222","17",""
"5230","2223","18",""
"5230","42389","18",""
"5230","2224","18",""
"5230","2225","20",""
"5230","2226","20",""
"5230","2227","22",""
"5230","3486","22",""
"226","10661","-1","未發車"
"226","10662","-1","未發車"
"226","10663","-1","未發車"
"226","10664","-1","未發車"
"226","10665","-1","未發車"
"226","10666","-1","未發車"
"226","10667","-1","未發車"
"226","10668","-1","未發車"
"226","10669","-1","未發車"
"226","10670","-1","未發車"
"226","10671","-1","未發車"
"226","10672","-1","未發車"
"226","10673","-1","未發車"
"226","10674","-1","未發車"
"226","10675","1",""
"226","10676","3",""
"226","10677","4",""
"226","41368","2",""
"226","41370","6",""
"226","10678","12",""
"226","10679","13",""
"226","10680","14",""
"226","10681","14",""
"226","10682","15",""
"226","10683","15",""
"226","10684","16",""
"226","10685","16",""
"226","10686","17",""
"226","10687","17",""
"226","10688","18",""
"226","10689","18",""
"226","10690","19",""
"226","10691","20",""
"226","10692","21",""
"226","10693","21",""
"226","10694","21",""
"226","10695","23",""
"226","10696","25",""
"226","10697","27",""
"226","10698","32",""
"226","10699","34",""
"226","10700","36",""
"226","10701","36",""
"226","10702","37",""
"226","10703","37",""
"226","10704","38",""
"226","10705","38",""
"226","10706","39",""
"226","10707","40",""
"226","10708","40",""
"226","10709","40",""
"226","10710","41",""
"226","10711","41",""
"226","10712","42",""
"226","10713","43",""
"226","10714","43",""
"226","10715","44",""
"226","10716","45",""
"226","41371","1",""
"226","41369","6",""
"226","10717","12",""
"226","10718","2",""
"226","10719","3",""
"226","10720","6",""
"226","10721","7",""
"226","10722","8",""
"226","10723","9",""
"226","10724","10",""
"226","10725","12",""
"226","10726","13",""
"226","10727","14",""
"226","10728","16",""
"226","10729","17",""
"226","10730","18",""
"226","10731","20",""
"226","10732","21",""
"190","14931","47",""
"190","14932","50",""
"190","14933","51",""
"190","14934","52",""
"190","14935","53",""
"190","14936","53",""
"190","0016","53",""
"190","14937","54",""
"190","14938","55",""
"190","14939","56",""
"190","14940","57",""
"190","14941","1",""
"190","14942","3",""
"190","14943","4",""
"190","14944","5",""
"190","14945","6",""
"190","14946","6",""
"190","14947","7",""
"190","14948","8",""
"190","14949","9",""
"190","14950","9",""
"190","14951","9",""
"190","14952","10",""
"190","1551","10",""
"190","14953","11",""
"190","14954","11",""
"190","14955","12",""
"190","14956","13",""
"190","14957","13",""
"190","14958","13",""
"190","14959","17",""
"190","14960","17",""
"190","1552","18",""
"190","14961","18",""
"190","14962","19",""
"190","14963","20",""
"190","14964","20",""
"190","14965","22",""
"190","14966","22",""
"190","14967","23",""
"190","14968","24",""
"190","14969","24",""
"190","14970","25",""
"190","14971","26",""
"190","14972","27",""
"190","14973","27",""
"190","14974","27",""
"190","14975","28",""
"190","14976","29",""
"190","14977","29",""
"190","4554","30",""
"190","14978","30",""
"190","14979","31",""
"190","14980","32",""
"190","14981","33",""
"190","14982","34",""
"190","14983","35",""
"190","14984","36",""
"190","14985","36",""
"190","14986","36",""
"190","14987","39",""
"190","14988","41",""
"190","14990","45",""
"190","41257","46",""
"190","14871","48",""
"190","14872","50",""
"190","14873","50",""
"190","14874","54",""
"190","14875","55",""
"190","14876","1",""
"190","14877","2",""
"190","14878","3",""
"190","14879","4",""
"190","14880","5",""
"190","14881","5",""
"190","14882","6",""
"190","14883","7",""
"190","4553","7",""
"190","14884","8",""
"190","14885","8",""
"190","14886","9",""
"190","14887","10",""
"190","14888","10",""
"190","14889","11",""
"190","14890","11",""
"190","14891","12",""
"190","14892","12",""
"190","14893","13",""
"190","14894","14",""
"190","14895","15",""
"190","14896","15",""
"190","14897","16",""
"190","14898","17",""
"190","14899","18",""
"190","14900","19",""
"190","1549","20",""
"190","14901","20",""
"190","14902","20",""
"190","14903","24",""
"190","14904","24",""
"190","14905","24",""
"190","14906","25",""
"190","14907","25",""
"190","14908","26",""
"190","1550","26",""
"190","14909","27",""
"190","14910","27",""
"190","14911","27",""
"190","14912","28",""
"190","14913","28",""
"190","14914","28",""
"190","14915","29",""
"190","14916","29",""
"190","14917","30",""
"190","14918","30",""
"190","14919","31",""
"190","14920","32",""
"190","14921","34",""
"190","14922","34",""
"190","14923","35",""
"190","14924","36",""
"190","14925","37",""
"190","0015","38",""
"190","14926","39",""
"190","14927","39",""
"190","14928","40",""
"190","14929","41",""
"190","14930","42",""
"5243","16465","64",""
"5243","16466","64",""
"5243","16467","65",""
"5243","39468","66",""
"5243","16468","67",""
"5243","16469","68",""
"5243","16470","69",""
"5243","16471","69",""
"5243","16472","70",""
"5243","16473","71",""
"5243","16474","71",""
"5243","41293","72",""
"5243","16475","73",""
"5243","16476","73",""
"5243","16477","73",""
"5243","16478","74",""
"5243","16479","74",""
"5243","16480","75",""
"5243","2242","76",""
"5243","42330","78",""
"5243","2243","78",""
"5243","16481","79",""
"5243","16482","80",""
"5243","16483","80",""
"5243","16484","82",""
"5243","16485","83",""
"5243","16486","84",""
"5243","16487","85",""
"5243","16488","86",""
"5243","16489","86",""
"5243","16490","87",""
"5243","16491","88",""
"5243","16492","88",""
"5243","16493","89",""
"5243","16494","90",""
"5243","16495","91",""
"5243","16496","92",""
"5243","16497","94",""
"5243","16498","95",""
"5243","16431","38",""
"5243","16432","38",""
"5243","16433","42",""
"5243","16434","43",""
"5243","16435","44",""
"5243","16436","44",""
"5243","16437","45",""
"5243","16438","45",""
"5243","16439","46",""
"5243","16440","47",""
"5243","16441","47",""
"5243","16442","48",""
"5243","16443","49",""
"5243","16444","50",""
"5243","16445","51",""
"5243","16446","52",""
"5243","16447","53",""
"5243","2178","54",""
"5243","42329","55",""
"5243","2179","56",""
"5243","16448","57",""
"5243","16449","57",""
"5243","16450","58",""
"5243","16451","58",""
"5243","16452","59",""
"5243","16453","59",""
"5243","41292","60",""
"5243","16454","61",""
"5243","16455","61",""
"5243","16456","63",""
"5243","16457","64",""
"5243","16458","64",""
"5243","16459","65",""
"5243","16460","66",""
"5243","39467","67",""
"5243","16461","67",""
"5243","16462","68",""
"5243","16463","69",""
"5243","16464","69",""
"5239","15791","202",""
"5239","15792","203",""
"5239","15793","207",""
"5239","0047","208",""
"5239","15794","209",""
"5239","15795","209",""
"5239","15796","210",""
"5239","15797","211",""
"5239","15798","212",""
"5239","0048","212",""
"5239","15799","213",""
"5239","15800","214",""
"5239","15801","215",""
"5239","15802","216",""
"5239","15803","216",""
"5239","15804","217",""
"5239","15805","218",""
"5239","15806","219",""
"5239","15807","221",""
"5239","15808","222",""
"5239","15809","222",""
"5239","15810","223",""
"5239","15811","224",""
"5239","15812","225",""
"5239","15813","226",""
"5239","1936","226",""
"5239","15814","227",""
"5239","15815","227",""
"5239","15816","228",""
"5239","15817","228",""
"5239","15818","229",""
"5239","15819","231",""
"5239","15820","231",""
"5239","15821","232",""
"5239","15822","233",""
"5239","15823","233",""
"5239","15824","235",""
"5239","15825","236",""
"5239","15826","237",""
"5239","15827","237",""
"5239","15828","238",""
"5239","15829","239",""
"5239","15830","239",""
"5239","15831","240",""
"5239","15832","240",""
"5239","15833","241",""
"5239","15834","242",""
"5239","15835","244",""
"5239","15836","246",""
"5239","15837","246",""
"5239","15838","247",""
"5239","1937","247",""
"5239","15839","248",""
"5239","15840","249",""
"5239","15841","249",""
"5239","15842","250",""
"5239","15843","250",""
"5239","15844","250",""
"5239","15845","250",""
"5239","15846","250",""
"5239","15847","250",""
"5239","15848","250",""
"5239","15849","250",""
"5239","15850","250",""
"5239","15851","250",""
"5239","15852","250",""
"5239","15853","250",""
"5239","0049","250",""
"5239","15854","250",""
"5239","15855","250",""
"5239","15856","250",""
"5239","15857","250",""
"5239","15858","250",""
"5239","0050","250",""
"5239","15859","250",""
"5239","15860","250",""
"5239","15861","250",""
"5239","15862","250",""
"7005","22141","7",""
"7005","22142","7",""
"7005","22143","8",""
"7005","22144","8",""
"7005","22145","9",""
"7005","22146","9",""
"7005","22147","10",""
"8029","26101","77",""
"8029","26102","78",""
"8029","26103","80",""
"8029","26104","81",""
"8029","26105","82",""
"8029","26106","86",""
"8029","26107","88",""
"8029","26108","90",""
"8029","26109","91",""
"8029","26110","92",""
"8029","26111","94",""
"8031","26171","127",""
"8031","26172","128",""
"8031","26173","128",""
"8031","26174","129",""
"8031","26175","129",""
"8031","26176","130",""
"8031","26177","130",""
"8031","26178","131",""
"8031","26179","131",""
"8031","26180","132",""
"8031","26181","132",""
"8031","26184","133",""
"8031","26183","133",""
"8031","26185","134",""
"8031","26187","134",""
"8031","26190","135",""
"8031","26191","135",""
"8031","26192","136",""
"8031","26193","136",""
"8031","26194","137",""
"8031","26195","137",""
"8031","26196","138",""
"8031","26197","138",""
"8031","26198","139",""
"8031","26199","139",""
"8031","26200","140",""
"8031","26201","140",""
"8031","26202","141",""
"8031","26203","141",""
"2035","27511","8",""
"2035","27512","10",""
"2035","27513","15",""
"2035","27514","17",""
"2035","27515","22",""
"2035","27516","28",""
"1040","29781","123",""
"1040","29782","123",""
"1040","29783","124",""
"1040","29784","124",""
"1040","29785","125",""
"1040","29786","125",""
"1040","29787","126",""
"1075","32022","58",""
"1075","32023","58",""
"1075","32024","61",""
"1075","32025","63",""
"1075","32026","64",""
"1075","32027","66",""
"1075","32028","67",""
"1075","32029","67",""
"1075","32030","68",""
"1075","32031","71",""
"1075","32032","71",""
"1075","32033","72",""
"1075","32034","72",""
"1075","32035","72",""
"1075","32036","74",""
"1075","32037","74",""
"1075","32038","77",""
"1075","32039","81",""
"1075","32040","84",""
"1075","32041","85",""
"1075","41054","85",""
"1075","41053","86",""
"1075","32042","89",""
"1075","41055","90",""
"1075","32043","90",""
"1075","32044","93",""
"1075","32045","96",""
"1075","32046","99",""
"1075","32047","99",""
"1075","32048","102",""
"1075","32049","102",""
"1075","32050","103",""
"1075","32051","104",""
"1075","32052","104",""
"1075","32053","105",""
"1075","32054","106",""
"1075","32055","106",""
"1075","32056","107",""
"1075","41684","107",""
"1075","41685","108",""
"1075","41686","109",""
"1075","32059","114",""
"1075","32060","116",""
"1075","32061","116",""
"1075","32062","116",""
"1075","32063","117",""
"1075","32064","117",""
"1075","32065","118",""
"1075","32066","121",""
"1075","32067","122",""
"1075","32068","124",""
"1075","32069","126",""
"1075","32070","126",""
"1075","32071","128",""
"1075","32072","129",""
"1075","32073","131",""
"1075","32074","133",""
"1075","32075","134",""
"2008","22641","77",""
"2008","22642","78",""
"2008","22643","79",""
"2008","22644","80",""
"2008","22645","81",""
"2008","22646","81",""
"2008","22647","81",""
"2008","22648","82",""
"2008","22649","83",""
"2008","22650","84",""
"2008","22651","85",""
"2008","22652","85",""
"2008","22653","86",""
"2008","22654","88",""
"2008","22655","88",""
"2008","22656","89",""
"2008","22657","89",""
"2008","22658","89",""
"2008","22659","90",""
"2008","22660","91",""
"2008","22661","92",""
"2008","22662","93",""
"2008","22663","93",""
"2008","22664","94",""
"2008","22665","95",""
"2008","22666","96",""
"2008","22667","100",""
"2008","22668","100",""
"2008","22669","101",""
"2008","22670","102",""
"2008","22671","103",""
"2008","22672","103",""
"2008","22673","104",""
"2008","22674","105",""
"2008","22675","107",""
"2008","22676","108",""
"2008","22677","108",""
"2008","22678","110",""
"2008","22679","111",""
"2008","22680","111",""
"2008","22681","112",""
"2008","22682","113",""
"2008","22683","114",""
"2008","22684","115",""
"2008","22685","116",""
"2008","22686","117",""
"2008","22687","117",""
"2008","22688","118",""
"2008","22689","119",""
"2008","22690","119",""
"2008","22691","120",""
"2008","22692","121",""
"2008","22693","122",""
"9014","27821","17",""
"9014","27822","17",""
"9014","27823","18",""
"9014","27824","19",""
"9014","27825","20",""
"9014","27826","22",""
"9014","27827","24",""
"9014","27828","25",""
"9014","27829","31",""
"9014","27830","33",""
"9014","27831","34",""
"9014","27832","2",""
"9014","27833","3",""
"9014","27834","4",""
"9014","27835","5",""
"9014","27836","6",""
"9014","27837","7",""
"9014","27838","8",""
"9014","27839","9",""
"9014","27840","9",""
"9014","27841","10",""
"9014","27842","11",""
"9020","28011","77",""
"9020","28012","77",""
"9020","28013","84",""
"9020","28014","86",""
"9020","28015","86",""
"9020","28016","89",""
"9020","28017","94",""
"9020","28018","95",""
"9020","28019","99",""
"9020","28020","100",""
"9020","28021","102",""
"9020","28022","103",""
"9020","28023","104",""
"9020","28024","104",""
"9020","28025","105",""
"9020","28026","105",""
"9020","28027","106",""
"9020","28028","108",""
"9020","28029","109",""
"6014","27231","127",""
"6014","27232","129",""
"6014","27233","132",""
"6014","27234","134",""
"6014","27235","135",""
"6014","27236","137",""
"6014","27237","141",""
"6014","27238","143",""
"6014","27239","143",""
"6029","30381","27",""
"6029","30382","28",""
"6029","30383","31",""
"6029","30384","32",""
"6029","30385","34",""
"6029","30386","34",""
"6029","30387","36",""
"6029","30388","36",""
"6029","30389","38",""
"6029","30390","38",""
"6029","30391","43",""
"6029","30392","45",""
"6029","30393","50",""
"6029","30394","51",""
"6029","30395","52",""
"6029","30396","53",""
"6029","30397","54",""
"6029","30398","54",""
"6029","30399","55",""
"6029","30400","56",""
"6029","30401","56",""
"6029","30402","60",""
"6029","30403","63",""
"6029","30404","64",""
"6029","30405","68",""
"6029","30406","69",""
"6029","30407","71",""
"6029","30408","1",""
"6029","30409","1",""
"6029","30410","2",""
"6029","30411","3",""
"6029","30412","4",""
"6029","30413","4",""
"803","11954","-1","未發車"
"803","11955","-1","未發車"
"803","11956","-1","未發車"
"803","11957","-1","未發車"
"803","11958","-1","未發車"
"803","11959","-1","未發車"
"803","1153","-1","未發車"
"803","11960","-1","未發車"
"803","11961","-1","未發車"
"803","11962","-1","未發車"
"803","11963","-1","未發車"
"803","11964","-1","未發車"
"803","11965","-1","未發車"
"803","11966","-1","未發車"
"803","11967","-1","未發車"
"803","11968","-1","未發車"
"803","11969","-1","未發車"
"803","11970","-1","未發車"
"803","11971","-1","未發車"
"803","11972","-1","未發車"
"803","11973","-1","未發車"
"803","11974","-1","未發車"
"803","11975","-1","未發車"
"803","11976","-1","未發車"
"803","11977","-1","未發車"
"803","11978","-1","未發車"
"803","11979","0",""
"803","11980","1",""
"803","11981","2",""
"803","11982","3",""
"803","11983","3",""
"803","11984","4",""
"803","11985","5",""
"803","11986","5",""
"803","11987","7",""
"803","11988","8",""
"803","11989","9",""
"803","11990","10",""
"803","11991","13",""
"803","11992","13",""
"803","11993","14",""
"5663","21494","13",""
"5663","21495","13",""
"5663","21496","14",""
"5663","21497","16",""
"5663","21498","17",""
"5663","21499","18",""
"5663","21500","19",""
"5663","21501","26",""
"5663","21502","27",""
"5663","21503","32",""
"5663","21504","34",""
"5663","21505","34",""
"5663","21506","35",""
"5663","21507","36",""
"5663","21508","36",""
"5663","21509","37",""
"5663","21510","38",""
"5663","21511","39",""
"5663","40540","39",""
"5663","21512","40",""
"5663","21513","41",""
"5663","21514","42",""
"5663","21515","42",""
"5663","21516","43",""
"5663","21517","46",""
"5663","21518","48",""
"5663","21519","50",""
"5663","21520","51",""
"5663","21521","52",""
"5663","21522","53",""
"5663","21523","53",""
"5663","21524","54",""
"5663","21525","54",""
"5663","21526","55",""
"5663","21527","55",""
"5663","21528","56",""
"5663","21529","57",""
"5663","39619","58",""
"5663","21530","59",""
"5663","21531","59",""
"5663","21535","60",""
"5663","21536","60",""
"5663","21537","61",""
"5663","21538","61",""
"5663","21539","62",""
"5663","21540","62",""
"5663","21541","63",""
"5663","21542","63",""
"5663","21543","64",""
"5663","21544","64",""
"5663","21545","65",""
"5663","21546","65",""
"5663","21547","66",""
"5663","21548","66",""
"5663","21549","67",""
"5663","21550","67",""
"5663","21551","68",""
"5663","21552","68",""
"5663","21553","68",""
"5663","21554","69",""
"5663","21555","17",""
"5663","21556","17",""
"5663","21557","18",""
"5663","21558","20",""
"5663","21559","20",""
"5663","21560","20",""
"5663","21561","20",""
"5663","21562","20",""
"5663","21563","21",""
"5663","21564","22",""
"5663","21565","23",""
"5663","21566","27",""
"5663","21567","28",""
"5663","21568","28",""
"5663","21569","29",""
"5663","21570","31",""
"5663","21571","31",""
"5663","21572","32",""
"5663","21573","34",""
"5663","21574","36",""
"5663","21578","36",""
"5663","21579","37",""
"5663","21580","37",""
"5663","21581","38",""
"5663","21582","38",""
"5663","21583","38",""
"5663","21584","39",""
"5663","21585","40",""
"5663","21586","41",""
"5663","21587","41",""
"5663","21588","43",""
"5663","21589","44",""
"5663","21590","44",""
"5663","21591","45",""
"5663","21592","46",""
"5663","21593","48",""
"5663","21594","48",""
"5663","21595","49",""
"5663","40541","50",""
"5663","21596","52",""
"5663","21597","52",""
"5663","21598","54",""
"5663","21599","55",""
"5663","21600","55",""
"5663","21601","56",""
"5663","21602","56",""
"5663","21603","57",""
"5663","21604","57",""
"5663","21605","63",""
"5663","21606","69",""
"5663","21607","70",""
"5663","21608","73",""
"5663","21609","78",""
"5663","21610","79",""
"5663","21611","80",""
"5663","21612","82",""
"5663","21613","83",""
"5663","21614","84",""
"5663","21615","85",""
"5663","21616","86",""
"5663","21617","87",""
"127","12451","8",""
"127","12452","8",""
"127","12453","10",""
"127","12454","11",""
"127","12455","13",""
"127","12456","14",""
"127","12457","14",""
"127","12458","15",""
"127","12459","16",""
"127","12460","17",""
"127","12461","18",""
"127","12462","19",""
"127","12463","2",""
"127","12464","2",""
"127","12465","3",""
"127","12466","4",""
"127","12467","5",""
"127","12468","5",""
"127","12469","6",""
"127","12470","10",""
"127","12471","12",""
"127","12472","13",""
"127","12473","13",""
"127","12474","15",""
"127","12475","15",""
"127","12476","16",""
"127","12477","16",""
"127","12478","18",""
"127","12479","19",""
"127","12480","19",""
"127","12481","19",""
"127","12482","20",""
"127","12483","20",""
"127","12484","1",""
"127","12485","2",""
"127","12486","3",""
"127","12487","3",""
"127","12488","4",""
"127","12489","5",""
"127","12490","5",""
"127","12491","5",""
"127","12492","6",""
"127","12493","6",""
"127","12494","7",""
"127","12495","8",""
"127","12496","8",""
"127","12497","9",""
"127","12498","9",""
"127","12499","10",""
"127","12500","10",""
"127","12501","11",""
"127","12502","12",""
"127","12503","14",""
"127","12504","15",""
"127","12505","16",""
"127","12506","1",""
"127","12507","2",""
"127","12508","2",""
"127","12509","3",""
"127","12510","5",""
"127","12511","5",""
"127","12512","6",""
"127","12513","6",""
"127","12514","6",""
"127","12515","8",""
"127","12516","8",""
"127","12517","9",""
"127","12518","9",""
"127","12519","11",""
"127","12520","13",""
"127","12521","13",""
"127","12522","14",""
"127","12523","14",""
"127","12524","14",""
"127","12525","15",""
"127","12526","15",""
"127","12527","16",""
"127","12528","16",""
"127","12529","17",""
"127","12530","18",""
"127","12531","18",""
"127","12532","19",""
"127","12533","22",""
"127","12534","6",""
"127","12535","10",""
"127","12536","2",""
"127","12537","3",""
"128","19482","107",""
"128","19483","108",""
"128","19484","109",""
"128","19485","110",""
"128","19486","111",""
"128","19487","112",""
"128","19488","112",""
"128","19489","113",""
"128","19490","114",""
"128","19491","115",""
"128","19492","116",""
"128","19493","116",""
"128","19494","118",""
"128","19495","118",""
"128","19496","119",""
"128","19497","120",""
"128","19498","121",""
"128","19499","121",""
"128","19500","122",""
"128","19501","123",""
"128","19502","123",""
"128","19503","124",""
"128","19504","124",""
"128","19505","126",""
"128","19506","126",""
"128","19507","127",""
"128","19508","127",""
"128","19509","129",""
"128","19510","129",""
"128","19511","129",""
"128","19512","130",""
"128","19513","131",""
"128","19514","131",""
"128","19515","131",""
"128","19516","132",""
"128","19517","133",""
"128","19518","133",""
"128","19519","134",""
"128","19520","134",""
"128","19521","135",""
"128","19522","135",""
"128","19523","135",""
"128","19524","136",""
"128","19525","137",""
"128","19526","137",""
"128","19527","138",""
"128","19528","139",""
"128","19529","139",""
"128","19530","140",""
"128","19531","140",""
"128","19532","140",""
"128","19533","141",""
"128","19534","143",""
"128","19535","144",""
"128","19536","145",""
"128","19537","146",""
"128","19538","147",""
"128","19539","147",""
"128","19540","147",""
"128","19541","148",""
"128","19542","148",""
"128","19543","149",""
"128","19544","149",""
"128","19545","150",""
"128","19546","150",""
"128","19547","151",""
"128","19548","151",""
"128","19549","152",""
"128","19550","152",""
"482","32451","10",""
"482","32452","11",""
"482","32453","12",""
"482","32454","13",""
"482","32455","15",""
"482","1160","16",""
"482","32456","17",""
"482","32457","22",""
"482","32458","25",""
"482","32459","27",""
"482","32460","30",""
"482","32461","34",""
"482","32462","36",""
"482","32463","39",""
"482","32464","40",""
"482","32465","41",""
"482","32466","1",""
"482","32467","2",""
"482","32468","3",""
"482","32469","4",""
"482","32470","5",""
"482","32471","7",""
"482","32472","8",""
"482","32473","9",""
"482","32474","10",""
"482","32475","11",""
"482","32476","12",""
"482","32477","14",""
"482","32478","14",""
"482","32479","15",""
"482","32480","15",""
"482","32481","16",""
"482","32482","18",""
"482","32483","19",""
"482","32484","20",""
"482","32485","20",""
"482","32486","21",""
"482","32487","22",""
"482","32488","24",""
"482","32489","24",""
"482","32490","25",""
"482","32491","25",""
"482","32492","26",""
"482","32493","26",""
"482","32494","28",""
"482","32495","29",""
"482","32406","-1","未發車"
"482","32407","-1","未發車"
"482","32408","-1","未發車"
"482","32409","-1","未發車"
"482","32410","-1","未發車"
"482","32411","-1","未發車"
"482","32412","-1","未發車"
"482","32413","-1","未發車"
"482","32414","-1","未發車"
"482","32415","-1","未發車"
"482","32416","-1","未發車"
"482","32417","-1","未發車"
"482","32418","-1","未發車"
"482","32419","-1","未發車"
"482","32420","-1","未發車"
"482","32421","-1","未發車"
"482","32422","-1","未發車"
"482","32423","-1","未發車"
"482","32424","1",""
"482","32425","3",""
"482","32426","4",""
"482","32427","5",""
"482","32428","6",""
"482","32429","8",""
"482","32430","11",""
"482","32431","12",""
"482","32432","13",""
"482","32433","14",""
"482","32434","15",""
"482","32435","16",""
"482","32436","19",""
"482","32437","22",""
"482","32438","24",""
"482","32439","26",""
"482","32440","29",""
"482","32441","32",""
"482","32442","34",""
"482","32443","36",""
"482","32444","39",""
"482","32445","42",""
"482","32446","43",""
"482","32447","43",""
"482","32448","2",""
"482","32449","5",""
"482","32450","6",""
"157","33126","9",""
"157","33127","11",""
"157","33128","12",""
"157","33129","14",""
"157","33130","1",""
"157","33131","4",""
"157","33132","6",""
"157","33133","8",""
"157","33134","9",""
"157","33135","4",""
"157","33136","5",""
"157","2249","5",""
"157","33137","7",""
"157","33138","7",""
"157","33139","10",""
"157","33140","2",""
"157","33141","4",""
"157","33142","5",""
"157","33143","8",""
"157","33144","9",""
"157","33145","3",""
"157","33146","4",""
"157","33147","5",""
"157","33148","6",""
"157","33149","8",""
"157","33150","9",""
"157","33151","11",""
"157","33152","2",""
"157","33153","3",""
"157","33154","5",""
"157","33155","6",""
"157","33156","8",""
"157","33157","9",""
"157","33158","10",""
"157","33159","12",""
"157","33160","1",""
"157","33161","2",""
"157","33162","3",""
"157","33163","4",""
"157","33164","4",""
"157","33165","1",""
"157","33087","-1","未發車"
"157","33088","-1","未發車"
"157","33089","-1","未發車"
"157","33090","-1","未發車"
"157","33091","-1","未發車"
"157","33092","-1","未發車"
"157","33093","1",""
"157","33094","4",""
"157","33095","5",""
"157","33096","6",""
"157","33097","7",""
"157","33098","1",""
"157","33099","1",""
"157","33100","3",""
"157","33101","6",""
"157","39649","6",""
"157","33102","7",""
"157","33103","7",""
"157","33104","9",""
"157","33105","9",""
"157","33106","10",""
"157","33107","12",""
"157","33108","1",""
"157","33109","3",""
"157","33110","8",""
"157","33111","11",""
"157","33112","1",""
"157","33113","4",""
"157","33114","3",""
"157","33115","1",""
"157","33116","1",""
"157","33117","3",""
"157","33118","6",""
"157","33119","9",""
"157","33120","10",""
"157","33121","13",""
"157","33122","15",""
"157","33123","2",""
"157","33124","4",""
"157","33125","7",""
"5410","33455","57",""
"5410","33456","58",""
"5410","33457","59",""
"5410","33458","60",""
"5410","33459","60",""
"5410","33460","61",""
"5410","33461","63",""
"5410","33462","65",""
"5410","33463","66",""
"5410","33464","68",""
"5410","33465","2",""
"5410","33466","4",""
"5410","33467","4",""
"5410","33468","5",""
"5410","33469","5",""
"5410","33470","6",""
"5410","33471","6",""
"5410","33472","7",""
"5410","33473","8",""
"5410","33474","9",""
"5410","38976","9",""
"5410","33475","10",""
"5410","1372","10",""
"5410","1373","10",""
"5410","1374","11",""
"5410","1375","12",""
"5410","1376","13",""
"5410","1377","13",""
"5410","1378","13",""
"5410","1379","15",""
"5410","1380","15",""
"5410","1381","16",""
"5410","1382","17",""
"5410","1383","18",""
"5410","38981","18",""
"5410","1384","18",""
"5410","38978","19",""
"5410","33476","19",""
"5410","33477","20",""
"5410","33478","21",""
"5410","33479","21",""
"5410","33480","22",""
"5410","33481","23",""
"5410","33482","23",""
"5410","33483","24",""
"5410","55858","25",""
"5410","33484","26",""
"5410","33485","26",""
"5410","33486","27",""
"5410","33487","28",""
"5410","33488","29",""
"5410","33489","30",""
"5410","33491","31",""
"5410","33492","32",""
"5410","33493","32",""
"5410","33494","34",""
"5410","33495","35",""
"5410","33496","36",""
"5410","33497","39",""
"5410","33498","42",""
"5410","33499","43",""
"5410","33500","44",""
"5410","33501","45",""
"5410","33502","47",""
"5410","33503","48",""
"5410","33504","51",""
"5410","33505","52",""
"5410","33506","55",""
"5410","33507","56",""
"5410","33508","57",""
"5410","33509","59",""
"5410","33510","60",""
"5410","33511","61",""
"5410","33512","62",""
"5410","33515","64",""
"5410","33516","65",""
"5410","33517","66",""
"5410","33518","67",""
"5410","33519","68",""
"5410","55859","68",""
"5410","33520","70",""
"5410","33521","71",""
"5410","33522","72",""
"5410","33523","72",""
"5410","33524","73",""
"5410","33525","74",""
"5410","33526","74",""
"5410","33527","76",""
"5410","38979","76",""
"5410","1385","77",""
"5410","1386","77",""
"5410","1387","77",""
"5410","1388","78",""
"5410","1389","78",""
"5410","1390","79",""
"5410","1391","80",""
"5410","1394","80",""
"5410","1395","2",""
"5410","1396","2",""
"5410","1397","3",""
"5410","1398","3",""
"5410","1399","4",""
"5410","38982","4",""
"5410","33528","5",""
"5410","38977","5",""
"5410","33529","5",""
"5410","33530","6",""
"5410","33531","7",""
"5410","33532","7",""
"5410","33533","9",""
"5410","33534","9",""
"5410","33535","10",""
"5410","33536","10",""
"5410","33537","11",""
"5410","33538","12",""
"5410","33539","13",""
"5410","33540","16",""
"5410","33541","17",""
"5410","33542","19",""
"5410","33543","21",""
"5410","33544","23",""
"5410","33545","23",""
"5410","33546","25",""
"5410","33547","26",""
"5215","33559","157",""
"5215","33560","157",""
"5215","33561","158",""
"5215","33562","158",""
"5215","33563","159",""
"5215","33564","159",""
"5215","33565","160",""
"5215","33566","160",""
"5215","33567","164",""
"5215","34431","166",""
"5215","33568","168",""
"5215","33569","171",""
"5215","33570","172",""
"5215","33571","173",""
"5215","33572","174",""
"5215","33573","174",""
"5215","33574","3",""
"5215","33575","3",""
"5215","33576","4",""
"5215","33577","5",""
"5215","33578","7",""
"5215","33579","8",""
"5215","33580","8",""
"5215","33581","8",""
"5215","34432","11",""
"5215","33582","11",""
"5215","33583","12",""
"5215","3566","13",""
"5215","33584","14",""
"5215","33585","15",""
"5215","45948","15",""
"5215","33586","16",""
"5215","33587","17",""
"5215","33588","21",""
"5215","33589","22",""
"5215","33590","22",""
"5215","33591","23",""
"5215","33592","25",""
"5215","33593","26",""
"5215","33594","27",""
"5215","33595","28",""
"5215","33596","29",""
"5215","33597","30",""
"5215","33598","31",""
"5215","33599","33",""
"5215","33600","34",""
"5215","33601","35",""
"5215","33602","36",""
"5215","33603","37",""
"5215","33604","39",""
"5215","33605","40",""
"5215","33606","42",""
"5215","33607","43",""
"5215","33608","44",""
"5215","33609","45",""
"5215","34433","50",""
"5215","45949","51",""
"5215","34434","51",""
"5215","34435","52",""
"5215","3567","53",""
"5215","34436","53",""
"5215","33610","54",""
"5215","34437","58",""
"5215","34438","59",""
"5215","34439","60",""
"5215","34440","60",""
"5215","34441","61",""
"5215","34442","62",""
"5215","34443","63",""
"5215","34444","64",""
"5215","34445","65",""
"5215","34446","65",""
"5215","34447","67",""
"5215","33611","68",""
"5215","33612","72",""
"5215","33613","74",""
"5215","33614","78",""
"5215","33615","79",""
"5215","33616","80",""
"5215","33617","80",""
"5215","33618","81",""
"5215","33619","82",""
"5215","33620","82",""
"5215","33621","82",""
"485","33722","-1","未發車"
"485","33723","-1","未發車"
"485","33724","-1","未發車"
"485","33725","-1","未發車"
"485","33726","-1","未發車"
"485","33727","-1","未發車"
"485","33728","-1","未發車"
"485","33729","-1","未發車"
"485","33730","-1","未發車"
"485","33731","-1","未發車"
"485","33732","-1","未發車"
"485","33733","-1","未發車"
"485","1854","-1","未發車"
"485","33734","-1","未發車"
"485","33735","-1","未發車"
"485","33736","-1","未發車"
"485","33737","-1","未發車"
"485","33738","-1","未發車"
"485","33739","-1","未發車"
"485","33740","1",""
"485","33741","1",""
"485","33742","2",""
"485","33743","4",""
"485","33744","5",""
"485","33745","7",""
"485","33746","7",""
"485","33747","8",""
"485","33748","14",""
"485","3658","15",""
"485","33749","16",""
"485","33750","17",""
"485","33751","18",""
"485","33752","21",""
"485","33753","21",""
"485","33754","22",""
"485","33755","23",""
"485","33756","24",""
"485","33757","25",""
"485","33758","25",""
"485","33759","27",""
"485","33760","28",""
"485","33761","28",""
"485","33762","29",""
"485","33763","1",""
"485","33764","3",""
"485","33765","5",""
"485","33766","6",""
"485","33767","10",""
"485","33768","11",""
"485","33770","14",""
"485","33771","15",""
"485","33773","17",""
"485","33774","21",""
"485","33775","23",""
"485","33776","25",""
"485","2248","26",""
"485","33777","27",""
"485","33778","27",""
"485","33779","28",""
"485","33780","29",""
"485","33781","30",""
"485","33782","31",""
"485","33783","33",""
"485","33784","36",""
"485","33785","36",""
"485","33787","37",""
"485","33788","38",""
"485","33789","39",""
"485","33790","3",""
"485","33791","6",""
"485","33793","9",""
"485","33794","10",""
"485","33796","13",""
"485","33797","14",""
"485","33798","16",""
"485","33799","18",""
"485","33800","19",""
"485","33801","19",""
"485","33802","20",""
"485","33803","22",""
"485","33804","22",""
"485","33805","2",""
"485","33806","3",""
"485","33807","4",""
"485","33808","4",""
"485","33809","5",""
"485","33810","7",""
"485","33811","8",""
"485","33812","8",""
"485","33813","10",""
"485","33814","10",""
"485","33815","11",""
"485","3659","12",""
"485","33816","13",""
"485","33817","18",""
"485","33818","20",""
"485","33819","21",""
"485","33820","22",""
"485","1855","24",""
"485","33821","25",""
"485","33822","26",""
"485","33823","26",""
"485","33824","28",""
"485","33825","28",""
"485","33826","32",""
"485","33827","32",""
"485","33828","33",""
"485","1856","35",""
"485","33829","35",""
"485","33830","36",""
"485","33831","1",""
"485","33832","2",""
"485","33833","3",""
"485","33834","4",""
"485","33835","5",""
"485","33836","6",""
"485","33837","8",""
"485","33838","9",""
"485","33839","10",""
"485","33840","11",""
"485","33841","12",""
"436","33280","21",""
"436","33281","22",""
"436","33282","24",""
"436","33283","27",""
"436","33284","30",""
"436","33285","32",""
"436","33286","32",""
"436","33287","33",""
"436","33288","34",""
"436","33289","35",""
"436","33290","36",""
"436","33291","39",""
"436","33292","40",""
"436","33293","41",""
"436","33294","43",""
"436","33295","44",""
"436","33296","46",""
"436","33297","46",""
"436","33298","47",""
"436","33299","49",""
"436","33300","1",""
"436","33301","3",""
"436","33302","4",""
"436","33303","5",""
"436","39392","6",""
"436","39391","7",""
"436","39389","9",""
"436","39387","9",""
"436","39386","-1","未發車"
"436","39388","-1","未發車"
"436","39390","-1","未發車"
"436","33250","-1","未發車"
"436","33251","-1","未發車"
"436","33252","-1","未發車"
"436","33253","-1","未發車"
"436","33254","-1","未發車"
"436","33255","-1","未發車"
"436","33256","-1","未發車"
"436","33257","-1","未發車"
"436","33258","-1","未發車"
"436","33259","-1","未發車"
"436","33260","-1","未發車"
"436","33261","-1","未發車"
"436","33262","2",""
"436","33263","4",""
"436","33264","7",""
"436","33265","8",""
"436","33266","9",""
"436","33267","9",""
"436","33268","10",""
"436","33269","11",""
"436","33270","11",""
"436","33271","12",""
"436","33272","1",""
"436","33273","5",""
"436","33274","6",""
"436","33275","8",""
"436","33276","12",""
"436","33277","14",""
"436","33278","16",""
"436","33279","18",""
"438","33415","12",""
"438","33416","15",""
"438","33417","16",""
"438","33418","18",""
"438","33419","3",""
"438","33420","4",""
"438","33421","7",""
"438","33422","11",""
"438","33423","13",""
"438","33424","15",""
"438","33425","16",""
"438","33426","17",""
"438","33427","19",""
"438","33428","20",""
"438","33429","20",""
"438","33430","23",""
"438","33431","1",""
"438","33432","2",""
"438","33433","4",""
"438","33434","5",""
"438","33435","5",""
"438","33436","6",""
"438","33437","8",""
"438","33438","11",""
"438","33439","12",""
"438","33440","14",""
"438","33441","14",""
"438","33442","15",""
"438","33443","16",""
"438","33444","16",""
"413","14083","14",""
"413","14084","15",""
"413","14085","16",""
"413","14086","17",""
"413","14087","17",""
"413","14088","18",""
"413","14089","19",""
"413","14090","20",""
"413","14091","21",""
